249808802
249995289
250001289
249998987
250000506
249999835
249999818
249999960
250000180
249994786
250007296
249999710
249999646
249999779
250002729
249997702
250000392
250001165
249994232
250003612
250001034
249999969
250000418
249999253
250001103
249998657
250002851
249997817
250000035
249999152
250000687
249999722
250001994
249998349
249999446
250000411
249999979
249999530
249997970
250003173
250000004
249999206
250000009
249999626
249997728
250004948
249998764
249999605
249999902
249999279
250000313
250002183
249997889
250000330
249999112
250000430
249998468
250003033
250000799
249997363
249997190
250002808
250000595
249999587
250001825
249997532
250001050
249999342
250000431
249999736
250002588
249998364
249999927
249996229
250003169
250000655
250000535
249998443
249999803
249999417
249997945
250002752
250001458
249998697
250000178
249999824
249999542
250000008
250001844
249999710
249999494
249999155
249999471
250000415
249999585
250001545
249999425
249999067
249999655
250000057
250000453
250001092
249999339
249999616
249999692
249999892
250001099
249999271
249999959
249999470
249999385
249999907
250000612
249999775
250000754
249999692
249999778
249999170
250000175
249999641
249999619
250000674
249999945
249999021
250000288
250000567
250000035
250000218
249999619
249999678
250000646
249995644
250005198
249999434
249999978
249999617
249996417
250004791
249999704
250001082
249999495
250000567
250000142
249998877
250003779
249997927
249998696
249999205
249999892
250003466
249999483
249998837
250000117
249999943
249999398
250000458
249999341
250000555
249999671
250000710
250000733
249999281
249998820
250000653
250000056
249999597
250000032
250000855
249998949
250000427
249998457
250001728
249999369
250001648
249998472
250000853
249998480
250001179
249998708
250001894
249997227
250002672
249997677
250001441
249999348
250002282
249997151
250002047
249997968
250001310
249997823
250004591
249995667
250003248
249970347
250028708
250010114
249992122
249998625
249998907
250000387
249999910
249999384
250000645
250002440
249998158
249999145
249997562
250001812
250000326
250001866
249996610
250002069
250000031
249998829
249999082
250003346
249999471
249998926
249999371
250002078
249999468
250000090
249999004
250000075
249998798
250001131
250001301
249997911
250000947
249998869
250000965
249999661
250002313
249997947
250000701
249998146
250001559
249997685
250001658
250001164
249999019
249998977
250001070
249999723
249998719
250000898
250001345
249998351
250001087
249999078
250002082
249995638
250003204
249998488
250000581
250000020
250001583
249997398
250000883
249999356
250000863
249998793
250002452
249997681
249998858
250000648
250000924
249996422
250003890
250009211
249990671
249999390
250000321
249999601
250000513
250000254
249999478
249999334
250000240
249996824
250011342
250001658
249990472
250000411
249998400
250001446
249995651
250000187
250003763
250000064
249999854
250000610
250002802
249999291
249999711
249999477
249999946
250002768
249998260
249999689
249999959
250000076
249999338
250002448
251869564
248128155
250000096
250002591
249999957
249998828
249998683
249997616
250000003
250004078
249999932
249998770
249996675
250002728
250000285
250003530
249998879
249998382
249999149
250001030
249998384
250000360
250002837
249998112
249999481
249999587
250000115
250002413
249999360
249998848
249999406
249999898
249999630
250003594
249998138
250000813
249998319
249999170
249999608
250003149
249998894
250000468
249998606
249999532
249999936
250000198
250001933
249999158
249998840
250000139
249999517
250000088
250002421
249999109
249998121
249999233
250001324
250000052
250002543
250000012
249998888
250000075
249998711
249998877
250004127
249998438
249998909
249999332
250000322
250000144
250000294
250001137
249999548
249999508
249998385
250000390
250000123
250002698
249999268
249998209
249998711
250001332
249999737
250001485
249997265
250001692
249999868
249999849
249999777
250002311
249997630
249999243
249999538
250003412
249998446
249999194
249999475
250000764
249999609
250001623
250000289
249997893
250000062
249999385
250000382
250001837
249998496
249997823
250001932
249999548
249999907
250000874
249998747
250001254
249998131
250001051
249999545
250000099
249999605
249999938
249999652
250000849
249999608
249999558
250000768
249994940
250006807
249994586
250005071
250000434
249999283
249998499
250001796
250000026
249999741
249998582
250000590
250001357
250002383
249994938
250003306
250000114
249999905
249996448
250005208
249998914
249997470
249998911
249992154
250010688
250000392
249996265
250003419
249999922
249998981
249998459
250002767
250000484
249999273
249996639
250003043
250002467
249998130
249997353
250002453
250000035
249999208
249998489
250002328
249998134
249999529
249999099
250004146
250000674
249998330
249997739
250002791
249999698
250003551
249994053
250002778
249996132
250003407
249996310
250002763
250002547
249998796
249996301
250003438
250000087
249999572
249997899
250003332
249999555
249998699
249996068
250003581
250004392
249997660
249994272
250005168
250000315
249998887
250002991
249999361
249998157
249999651
249999824
249997729
249996240
250007786
249999354
250000288
249999006
250001181
250000264
249999348
249999301
249996420
250003405
249999403
250002648
249998275
250000486
249999142
249999541
249999299
250002831
249998769
249997749
250000067
250000009
249999351
250002969
249996606
250002809
249999293
249998897
249999635
250003971
249997606
250000605
249998842
250000680
249999233
250001839
249998847
249999283
249999082
250000252
249999751
250001188
249999573
249999791
249999963
249998971
250000104
250000406
250000201
249998665
250000719
250000691
249999584
250000227
249999372
250000071
250000137
250000420
249999517
249995988
250005751
249999762
250000309
249999072
250001703
249998260
250000451
249999353
250001168
249998966
250001411
249998219
249999813
250000837
250000581
250000163
250002225
249996611
250001625
249998060
250002456
249998772
250001659
249997475
250000967
249997617
250005821
249996382
250001951
249997424
250001014
249997828
249996763
250004320
250000540
250010484
249987968
250004892
249999244
249999036
249998821
250000669
250000585
250001707
249998820
249997047
249994984
250007726
250000089
249999205
250000163
249999453
249999952
250003164
249999068
249998197
249999820
250003860
249997605
249996068
250002936
249999203
250000592
250002782
249998213
249999209
249999847
249999752
249997951
250003790
249999510
249999054
249999800
250000500
249998657
250001405
250000973
249999020
249999817
249999400
250000157
249999532
250002201
250000009
249998280
249999659
249999539
250000384
250002376
249999772
249999888
249998301
249999978
249999219
250002847
249999334
249998734
250000326
249999624
249999364
250000811
250001099
250000504
249998137
250000480
249998971
249999694
250002720
249998459
249998452
250000167
249999262
249999246
250003743
249998261
250000301
249999654
249998983
250000512
250002278
249999212
249999647
249998884
249999961
249999431
250001377
249999328
249999977
249999370
249999814
250001131
250000380
249998729
249999857
249999590
249999879
250000804
249999245
249999119
250001253
249999932
249999621
249999892
250000181
250000001
250000392
249999503
250000786
249999251
249999256
250000095
250000448
249995713
250004731
249999650
249999817
249999712
250000555
249996439
249973330
250031984
250001357
249999834
249998543
250000466
249999307
250003253
249998591
249998851
250000019
250000343
250008121
249994477
249998594
249999129
249999561
250000106
249999936
250002952
249999150
249998574
250000617
249999146
250000510
250000496
250000457
249999217
249999039
249997397
250000052
250005178
249999451
249999084
249999504
249996786
250005452
249998900
249996149
250002169
249999651
249999621
250000727
250002362
249999523
249998457
249999526
249997807
250001637
250001418
250000319
249998855
250000690
249998912
250000413
250002402
249999462
249998961
249998226
250000096
250003280
249999351
249998442
249998911
250000366
250000164
250002842
249997779
249999945
250000583
249999734
249998124
250003669
249999525
249998326
249998923
250000499
250000067
250003824
249996364
250000369
249997187
249999990
250003075
250000339
249999741
249999098
249999178
250001237
250007399
249994151
249997791
249999810
249998814
249999780
249996010
250006966
250001003
249998138
249998301
250000914
250000404
250002146
249994183
250003003
250000923
250000356
250011143
249987442
250000831
249998648
250000046
250005053
249996513
249999569
249999213
250000262
250001509
249998928
249999246
250000057
249999036
249999918
250001036
249999383
249999822
250000917
250000104
249999905
249999111
249999666
250000046
249999793
250000375
249999745
249999767
250000280
249999994
250000552
249999416
249999811
249996769
250003269
249999796
250000132
250000320
250000811
249998826
250000318
249995039
250006110
250001253
249997383
250008183
249993080
250003530
249997816
249997965
250002051
249999502
249998976
250001954
249998926
249999702
249999059
249999271
250001940
250001713
249997438
250001349
249998077
250001614
250000301
250002129
249996802
250000874
249998323
250001939
249999880
250001948
249996822
250001769
249998592
250000147
249997463
250004947
250012763
249986837
249996794
250003145
249999024
250002116
249993158
250005622
249999714
249999242
250011607
249992112
249998046
249998948
249999109
250000488
249999353
250004803
249997921
249997837
249999916
249999913
249998461
250005147
249998873
249998849
249999819
249998839
250000313
250003397
249998483
249998569
249999403
249999882
249999827
250000366
250002419
249999609
249997374
250000072
250000323
249999608
250003703
249999116
249998983
249999274
249998491
249999031
250003683
249999596
249998078
249999952
250000380
249999419
250001509
250000630
249999592
249999430
249998588
250000541
250003110
249998430
249997779
250002076
249996763
249999980
250001507
250002362
249999523
249996594
250000275
250004746
249997697
249999584
249997843
250001832
249999391
249999542
250032862
249967993
249999075
250000678
249999137
250001200
250000127
249999325
249999686
249999321
250000020
250000201
249999798
250000244
249999632
249999810
249999909
249999907
249999933
250000049
249998367
250001634
250000016
250000304
249999500
250000065
249995662
250000683
249998912
250005005
250001610
249998185
250001125
250002867
249996009
250009549
249994183
250000099
249998664
249998137
250003694
249998533
250000556
249999087
249999915
250004424
249997669
249999135
249998804
249999704
250000127
249999798
250003179
249999495
249997866
249999931
249999145
250000217
250003912
249999012
249997831
250000027
249999144
250000706
250004258
249997747
249998891
250008380
249990811
249999899
250003585
249999232
249998332
249999809
249998588
250000458
250004496
249998151
249999382
249998929
249998468
250000121
249999353
250003624
249998800
249999257
249999173
250000524
250000024
250002492
249998204
249998855
249999354
249998511
250000013
250005526
249998529
249998076
250910455
249087944
250001216
250003122
249999347
249998753
249999634
249999621
250000226
250002751
249999116
249998831
249999454
249997317
249999965
250004341
250000632
249998296
249999532
249999374
250000042
250000511
250001960
249997966
250000367
250000350
249999284
250002557
249999523
249998852
249999296
249997013
249999788
250003839
249999837
249997305
249999062
250002641
249998427
250002120
250000671
249999277
249999927
249999200
249999994
250002654
249998690
250000115
249998612
249999561
250000060
250001799
249999771
249998879
249999507
250000666
249999314
250000716
249999462
249999662
249999083
249999821
250000834
249999323
250000207
249999931
249999783
249999659
250000290
249999898
249999892
250000144
250000232
249999874
249999897
249999542
249999864
250000129
249999853
249996539
249974705
250028977
249999968
250000480
249995144
250001692
250005027
250010250
249992547
249999354
249998307
249999417
249999788
250000414
250003371
249996498
249999965
250003075
249999085
250000130
249998220
249999738
249999537
250000278
250003965
249999365
249997859
249999334
249999332
250000041
250004742
249995857
249999976
249998062
249999265
249999992
250004956
250000177
249989673
250007663
249998394
250001486
250000112
250001244
249999993
249999449
249998823
250000499
250004308
249997850
250003127
249992174
250000513
250004773
250000046
249998174
249999505
249999511
249999648
250002453
250000338
249998342
249999358
250000730
249999287
250001244
250001515
249994177
250002875
249999597
250000121
250001773
250000574
249998463
250000195
250000428
250001553
249997220
249999911
249997741
249999638
250002036
250003296
249994937
250002255
249998112
250001802
250001221
249999230
250011905
249987591
250000450
249998961
250004584
249998694
249999378
249998356
249997942
250001259
250004444
249994231
250001922
249999747
249998547
250000955
250000785
250001067
249998644
249998159
250000780
250000538
250002248
249999074
249999340
250000058
249998797
250001110
249998823
250001360
249999813
249998856
249999093
250000649
250002095
249999877
249998043
249999478
250000300
249999893
249999117
250001484
249999593
250000048
249998401
250000832
250000351
250000026
249999028
250000757
249999736
250001581
249998529
250000110
250000135
249999965
249998883
250000839
249999874
251387333
248613557
250001762
249999687
250000496
249997978
250003854
249998901
249999002
249996906
250001795
250004627
249998361
249996189
250002520
249999630
249998481
250000174
250004148
249998781
249998722
249996969
250003075
250003561
249997663
249995523
250002732
250000592
250004378
249993791
249999085
250002323
249999541
249997399
250007297
249996752
250000454
249995944
250003273
249999467
250003772
249994468
250002419
249999726
250000194
249995446
250007289
249998999
249998903
249995216
250003993
249999969
250004188
249998509
249998285
249999608
249999322
249999690
250012233
249990467
249999437
249998955
249999518
250000276
249998714
250003840
249998255
249998995
249999359
249999600
250000467
250003495
249998994
249995788
249996308
250006029
250000676
249999495
249999404
249999418
249999907
250002942
249999430
249999400
249999129
249999339
250002762
250000545
249998778
249998248
249999480
250000192
250002358
249999954
249998626
249999887
249999099
249997656
250005555
249998105
250000843
249996589
250001612
249999010
250003550
249996134
250000582
249999639
250000014
249997816
250006843
249998382
249998501
249999379
249998567
249999540
250004632
249997887
249999112
249999102
249999861
249999937
250010776
249991190
249998497
249999567
249999354
250000396
250000059
250000913
249999821
249999214
249999919
250000024
249999431
250000862
249999289
250000193
249999484
249999666
250000760
249999391
250000580
250000029
250000070
250007989
249991737
249999956
249995739
249999656
250014025
249993087
249998848
250004987
249996806
249999065
249999734
250000118
249999595
250004474
249994522
250002414
249999091
249998353
250001384
250004387
249997952
249999162
249998311
250000315
250000854
250003080
249997291
250000051
249998804
249999766
249999896
250004446
249998014
249999060
249999098
250000438
249998529
249999263
249999945
249999499
250005054
249999983
249997898
249999430
249999485
250000319
250004117
249998612
249998111
249998949
249997308
250003001
250004680
249998170
249999857
249998184
250000417
249997941
249993693
250009120
249999175
249998933
249999394
250001050
250000203
250001707
249997485
250000144
249999486
249999340
250004695
249999692
249998668
249998254
249999875
249997599
250006016
249994839
250002361
249998792
250000926
249998397
250004063
249994963
250003616
249995796
250005859
249998418
249999005
249997579
250001439
249999327
250013321
249984329
250004515
249999002
249999867
249996364
250003214
250000985
250001089
249996900
250001215
249997697
250002026
249999832
250001735
249996715
250001226
249998220
250005681
249995238
250001624
249998118
250000277
250000507
250002618
249996192
250002113
249997438
249999029
249998238
250005389
250009912
249989695
249999253
250000570
250000194
249999330
250000131
249999782
249998432
250000255
250000908
249999086
249999995
250000122
250087654
249912186
250000762
249995244
250014111
249991491
249999766
249998497
250001561
250000312
249999801
249998701
250001807
249999011
250005966
249998754
249998322
249999103
249998733
249999868
250005044
249996162
250000830
249998859
250000743
249998843
250004722
249998396
249998656
249998225
250000164
249999695
249998988
250004485
249999691
249998174
249999647
249999818
249993663
250007932
250000699
249997980
250000330
249998700
249999806
250003617
250000792
249997146
249999633
250000007
249998992
250003261
249998819
249999404
249998886
249999746
250000189
250004433
249996000
249999671
249999575
249998204
250004524
249998629
249999165
249994915
250004412
250004919
249997722
249998674
249999734
249999426
249998244
250005948
249993781
250004203
249998857
249999304
249999644
250005187
249997501
250000026
249997787
250003546
249998858
249994322
250003846
249999455
249999099
250000736
250002921
249998929
249998095
249999572
250000077
250000523
250003111
249998946
249998465
249999947
249998860
249994090
250010093
249998083
249998670
249999604
250000809
250000177
250002658
249997939
249999646
249998930
249997762
250001353
250003722
249998578
249999296
249999872
249998349
250004338
249997741
249999078
249998172
249998798
249999832
250004711
249999614
249998309
249999596
249999466
249999256
250003681
249998766
249999491
249999214
249999361
249999467
250009688
249990981
249999804
250000234
249998732
250001525
249999276
250000318
249998817
250000497
249999951
249999320
250000134
249998991
250001171
249999740
249999946
250000369
249999522
249996130
250003922
250001941
250000337
249998814
250000090
250004873
249997794
249999777
249998399
250000332
249999380
250005215
249998073
249999115
249996747
250001335
249999537
250004987
249999219
249999067
249996990
250000483
249999047
250002111
249998766
249999350
249999626
249998665
250006095
249998665
249998438
249999278
249999134
250000386
250004639
249995337
249999147
250001149
250003357
249998473
249998778
250000064
249999108
250000055
250003276
250000457
249997481
249999110
250000137
249997972
250004441
249998291
250001237
249998406
249999090
249999932
250004890
249997737
249999396
249998574
250004292
249998255
249999267
249998370
249999838
249998936
250008211
249995630
249999360
249997971
249999743
249998527
250005362
249996935
249998149
249999194
250000276
249996033
250005704
250001203
249999456
249999625
249998740
250000155
250003955
249997720
249996924
250001315
249997549
250000688
250006183
249991576
250005260
249999330
250000063
249998749
250005375
249996334
249999787
249999292
250000204
249999655
250003076
249998580
249999451
249998747
249999704
249999538
249999804
250002413
249999191
249999306
249999554
249999444
250001662
249999153
250000220
249999557
249999289
249999640
250012122
249988411
250001196
249998156
250000561
249999602
249999384
249996843
249993071
250009865
250000350
250000048
250001211
249998833
250001284
249998956
250001799
249998503
249999869
250000108
250000368
249996500
250003057
250010250
249990047
249999768
249996910
250005855
249997056
250000018
250000603
249999345
249995055
250011015
249998277
249996945
250001948
249999073
250000676
250000418
250000454
249999373
249998930
249999973
249999877
250004865
249998009
249998540
249999267
249999596
249999600
250004549
249997034
250000442
249998713
249999120
250000259
250004337
249998253
249999032
250000203
249999190
249998653
250003271
250000673
249998827
249998996
249998286
250000406
250005766
249998407
249997234
249999817
249996477
250002724
250007565
249996084
249998320
249998336
249996600
250003976
249998646
250004774
249996624
249999761
249999299
250000399
249999826
250003429
249996689
249999737
250007666
249996241
249998705
249998233
249996237
249999893
250002400
250004908
249997400
250000122
249998064
250003275
249998984
249998486
249998850
250000078
249999425
250004364
249998570
249998891
249999001
249999427
250000042
250001543
249997984
250000431
250004295
249999464
249998175
249996151
250002439
249999621
250009104
249994181
249998592
249998313
250000296
250003092
249998431
249998940
249999345
249999507
249999144
250004401
249998076
249999680
249997113
250001471
249999559
250002836
249999854
249997206
250000763
249998988
249999708
250002228
249999345
249998857
249999345
250000774
250000618
249998942
249999922
250000415
249999031
250000409
250000063
249999819
249999595
250000690
249999276
250000540
250000063
249999327
250000116
250000172
249996922
250011240
249991195
249995852
250004364
250000643
250000183
249995945
250015413
249988663
250000400
250001266
249999339
250003013
249998526
249998222
250001184
250000370
250002329
249999932
249998418
249999222
249999318
249997759
250006072
249999815
249998248
249999605
249997380
250001722
250005247
249996639
249999477
249999417
249998652
250001550
250002709
249999653
249997732
249999528
249998553
250000317
250003807
249999912
249998192
249999194
249999517
250003430
249997116
250000235
249998966
249999467
250003135
249999462
249999366
249998998
249999631
249999238
250004581
249997105
250001279
249998195
249997688
249999237
250005646
250000223
249998330
249997217
249998992
249999972
250006180
249998166
249997459
250000866
250003910
249997691
249998964
250000564
249998525
249999349
250003984
249999419
249998317
249998392
250000073
249999885
249999648
249998625
249999830
250003024
250003118
249996250
250000204
249999711
249999709
250000707
250001537
249998187
250000553
249998063
250000668
250000142
249999388
250001228
249999339
250000623
249999313
249998285
250002404
250001710
249998418
250000100
250001174
249998917
249999641
249998099
250000896
250003645
249996363
249999308
250001251
249999792
249997814
250001792
250001683
249998745
249999984
249997255
250002375
250002345
249997963
249997346
250001686
250000131
250000134
249998370
250002195
249999597
250000309
249997538
250001480
250000085
250000593
249997413
250002094
249999572
250001150
249997894
250000736
250000255
249999644
249999001
250001137
249999851
249996674
249972629
250032368
250000323
249999404
249999519
250003312
249999581
249999614
249996022
250002231
250004889
249999152
249995078
250001470
249999849
250000816
249996547
250005968
249997932
250000022
249995761
250002622
249993776
250010044
249994350
250003282
249998361
250000611
249996250
250005393
249999233
250000402
249993999
250003635
249999485
250006649
249995494
250000784
249999125
249999773
249997789
250005224
249996335
250001391
249996446
250000583
250001451
250004745
249994490
250001893
249997305
250000006
249999870
250002494
250013050
249987689
249997219
250001675
250004775
250000372
249996463
249998746
250002096
249997865
250005075
249997801
249998740
249999633
249998866
249999190
250005400
249998857
249998224
249995940
250001600
250000959
250013028
249988494
250000162
249998917
249999561
249998368
250000566
250000149
249998783
249999242
250014927
249990284
249999537
249997224
250000136
249999803
249999926
250000829
250001685
249999366
249998593
249999166
250000850
250002848
249999016
249997441
250000125
249999731
249999982
250002978
249998677
249999185
249999490
249999760
250000387
250000979
250000755
249998251
249999016
250000534
249999775
250000816
249999946
249999288
249999585
249999636
249999617
250001158
249999212
250000652
250000070
249999080
250000567
249999509
249999836
249999934
249999816
249996805
249998671
250005455
249999400
250000233
249999425
250000018
249999849
250000320
250000157
249999601
250000018
250000182
250000032
250000086
249997127
250007422
249997640
249999731
249998928
249999052
250006262
249999755
249997948
249998235
250000548
249999287
250005263
249997938
249998847
249997268
249999034
249999911
250006921
249997476
249999679
249997593
250000329
250000232
249999445
250000001
250002441
249999196
249997685
249999276
250001796
250003827
249998698
249997233
250000745
249996969
250003683
250006548
249993246
249999164
250000028
250002189
249999988
249998940
249998764
249998644
250001086
250004861
249998413
249997353
250000868
249999388
250000792
249998984
250003067
249997736
249999630
249997373
250001852
250004633
249998486
249997275
250000223
249999540
250000259
249998738
250003519
249999606
249998046
249998182
250002258
250003705
249998633
249996424
250000827
250000134
249999043
250001176
250002613
249998836
249998872
249997282
250001712
249999437
250003522
249996161
250000266
250000659
249999555
249998292
250004781
249998415
249998922
249998761
250000690
249999421
250003330
249998140
249999695
249999323
250001935
249998551
249999632
249999446
249999776
249999927
250001118
249999309
250000013
249998989
250000770
249998789
249999380
250000373
249999867
249999412
250000634
249996784
250004199
250002094
249997377
250000788
249999791
249998291
250001676
250000430
249998897
249999713
249996980
250003979
249999864
249999865
249999896
249999184
250000290
250000634
250000193
249999205
250000754
249999720
249996408
250009411
249999628
249997743
249999632
249997471
250001474
250003680
249999792
249996693
250001004
249998579
250000492
249999931
250003334
249997961
249999028
249998451
250001834
250003136
249999564
249996460
250001186
249998782
249998722
250001722
250002439
249999152
249998849
249997873
250002133
250004906
249997591
249996531
250001572
249998814
250000222
249999950
250003274
249998109
249999749
249997319
250001072
250004589
249997299
249997327
250001945
249999461
249999328
249999755
250001223
249999864
249997652
249996316
250008963
249999696
249998365
249997204
250000120
250001458
250001530
249996478
250001742
249999143
250000283
249999041
250004120
250000182
249996355
249999840
250000010
250000701
250001580
249997579
249999228
250002664
249997709
249999551
250000197
250004665
249995558
250000281
249999816
250001855
249999283
249998603
250000376
250001663
249998099
249999379
250017041
249987591
249998081
249997987
250000883
249998450
250004322
249997632
250000215
250000754
249998177
249998955
250004758
249995718
250002238
249997368
250000718
249999878
250001758
249998512
250001091
249999366
249999006
249999978
250001442
249998830
249999949
249999763
249999453
250000022
250000040
250000158
249999699
249999427
250000626
249999671
250000546
250000266
249999654
249999976
249999903
249995397
250004603
249994876
250006582
250005368
249997720
249996084
250002377
249999462
250004681
249993732
250002102
249999468
249999387
249998025
250007128
249998037
249999926
249995246
250006956
249998034
249998900
249996310
250002251
249999232
250004596
249994299
250002912
249999966
249998586
249997847
250003983
249998759
249999307
249998745
250004931
249999725
249997960
249996569
250001767
250005685
249999104
249993741
250003057
249998984
250003705
249994707
250002847
249999806
249998536
249998561
250006862
249997792
249999326
249995523
250002306
249999906
250004883
249993445
250003456
249999922
249998341
249998156
250006805
249997674
249998746
249997207
250001904
249999446
250003861
249994459
250000651
249999921
249994386
250004191
250004894
249999177
249998796
249998379
250001887
250002179
249997467
249998222
250002542
249998946
249993982
250004392
250004103
249999050
249998579
249997628
250002138
250004379
249997624
249995709
250002403
250000419
249999696
249998547
249999722
250003296
249998639
249997091
250001934
250004646
249998324
249995675
250001767
250000023
250000518
249997997
250002859
249998843
249999876
249998589
250001085
250002607
249998694
249997005
250001257
249999315
250000598
249999173
250000449
249999089
250002530
249995983
250003207
249999709
249999722
249994887
250005553
249999269
250000226
249999287
250000201
250000213
249999845
249996170
250003160
249999619
250000361
249996635
250003873
249999007
250000613
249995252
250023500
249992073
249991843
249992528
250011338
249997455
250000110
249991270
250004308
250002226
250004154
250006969
249990289
249999527
250004419
250045579
249950819
249998127
249998358
249996118
250009511
249998641
249995486
250002599
250000009
249993963
250009863
249995915
250000317
250005251
249998011
249998100
249998511
249999852
249999789
250005350
249997610
249998352
249999566
249999229
250000211
250004663
249998614
249997854
249999013
249999858
249999458
250000938
250002263
250000347
249996214
250001142
250002792
249998087
249998706
250000562
249998314
250000328
250002365
250001193
249997105
250000282
249998432
250001115
250001020
250002158
249996357
250000234
249998718
250000788
250001348
250002103
249996210
250001710
252651576
247349557
250001677
249998004
250000835
250000213
249997388
250016982
249986400
250001831
249982704
254667760
245354192
249989666
252663131
247338901
250001187
249996035
250017474
249993492
249995823
250654003
249339633
250003066
250002144
249998539
256648394
243347582
249999947
250006767
249999032
250012641
256633069
244001260
249350237
250000415
252649952
247344159
250004091
250000426
250007354
249990681
249999294
250001460
250000085
250654452
255995895
243349576
250000448
250000244
249999902
249998923
250000226
250000034
250000781
250000667
249997639
254644074
248014930
247342819
249999973
250003972
252647176
247351204
249996490
250007374
249995448
249999277
249999497
258646365
244016463
247339425
252654565
247998896
255991161
244017131
249337267
249997246
250014176
249997945
256642045
244007014
251993518
247998828
252072213
247292759
249986600
254665691
245323116
250015150
251203847
249454568
249354746
249983634
249999511
249995393
249999974
250004867
249998711
249998761
249998264
249999628
249999369
250005811
252651045
247349547
249992654
250002666
249998259
249998435
250000578
250001320
249998520
250000072
249995005
250014143
250001359
250642070
249358217
250000420
250003945
249986629
250003658
250005594
256642799
243351704
249997793
249998026
250003594
250010428
249990590
249999299
256647511
243999258
249347800
250010556
250002673
249993879
249996591
249997510
256650629
243349893
250008489
249997839
249994585
249998558
250008468
254643542
248004581
247345475
250002426
249998511
249998870
249998255
250000446
250001890
249999533
249997174
250003140
250000260
249998790
249998471
250000217
249999154
250002731
249995344
250025423
249982939
249998012
249998870
249999951
250006794
249999478
249990846
250002388
249998435
250007761
249995651
249999702
249999836
250002657
250014785
260629974
239351029
252659027
247339911
249999814
250680529
249322634
250003345
249995030
250653246
249348037
249996284
250003133
249997490
249998213
249995078
250005454
252166311
247835965
249996821
250001917
250003916
249998608
249996022
250002267
249996542
250003129
249998501
250000325
249998958
250001499
249995872
250002666
251055484
248947036
249996400
249997495
250008769
250000302
249994533
250000920
250001551
249998494
250000082
250003667
249994844
250003330
249993980
250006640
249999953
252255136
247738080
250001083
250003570
249996977
249999976
250010601
251476870
248514428
250000093
250003466
249999062
249996606
249999874
250008044
249996273
249999121
249993778
250003778
249996057
250004202
249997214
250005844
250000130
249995139
250001227
250006363
249992029
250003630
249998439
249999603
250002434
250002637
250013161
249984097
249997929
249999400
250005780
249997043
250001038
249995577
250004617
250000773
250016147
249981197
250000354
249996137
250001696
250002995
249998067
250000200
249998084
250016425
249986304
252652126
247352884
252649350
247994830
249349374
249997763
250009476
250008566
256650972
243356590
249988887
250003960
251180728
257458949
244064889
251929233
248017336
247983754
249354595
250002080
249997124
249992320
250011824
249998172
249997592
249997299
249997524
250001395
250020800
249988280
256641855
243355353
249992727
250002688
249999654
250006479
249998753
249999314
252650129
247344165
249998768
250010278
250003372
249993981
252649051
247345310
250000459
249998450
250001022
254654632
245351363
250000269
249998751
250647821
249348514
249999047
250008947
249997386
249997727
249997740
250002538
250646750
249357254
254633528
256012203
239992158
249353537
249999535
250010147
249990081
250003165
254651801
245342251
250006961
250000352
249999552
249999087
249998303
249997246
250000104
249999827
250005652
249998955
250001654
249995258
249998398
256656053
243996220
249354753
249995603
249999075
250001446
250002673
249993333
256659532
247996844
245350276
249996952
250000063
249998470
252662134
247335485
250009350
250010743
249986164
249998455
250001527
249996077
249999142
250000085
249996457
250002472
249996999
250005565
252654295
247346340
250016102
249982967
249999096
250000412
249998887
249999812
250000651
250003225
249997443
249999073
249999350
250000130
249999762
250001109
249999618
249999921
249998920
250000512
249999826
250000034
250000180
249999091
250000580
249999384
250000473
249999716
250000384
249999685
249999651
249996597
250025553
249979234
250003396
249999410
249997760
250000275
249999225
250005543
249998228
249998620
250000816
249999708
249998304
250000133
249999403
250002684
249999667
249998648
249998953
250001023
249999685
250000204
250001399
249998988
249999289
249997933
250000420
250005175
249998725
249999235
249998954
249999030
250000432
250004946
249996973
249999147
249999027
250000087
250003431
249999836
249997824
249997366
250001043
250000169
250004873
249998821
249997413
250000242
249998782
250000282
250004423
249999395
249999015
249997711
249998721
250000330
250004369
249998670
249999489
249998750
249999453
249999554
250004312
249998931
249999046
249998950
249998279
250000502
250005397
249998908
249996848
249999305
249999541
250003239
249999429
249998155
249999169
250000613
250002895
249999587
249997270
249997857
250000628
249998519
249995573
250009342
249999677
249998933
249996498
250001797
250000150
250003939
249998143
249999838
249999207
249999178
249999987
250003450
249996364
249999810
249998355
250000552
250000145
250003485
249999899
249999525
249998421
249999619
250000341
250000751
249999340
250000690
249999571
249999289
249999497
250001382
249999443
249999366
249999851
250000044
249999357
249999875
250001951
249998926
249999568
249999047
250002273
249999298
249999710
249998931
250000470
250000089
249999472
250000440
249998994
250000754
249999663
250000169
249999472
249999729
250000017
249999669
250000848
249999646
249996130
250007993
249998616
249999415
250005925
249997978
249998715
249998320
249999257
250000262
250004994
249998147
249998306
250000271
249997400
250000237
250006767
249992406
250003541
249995803
249999842
250007128
249994086
250004533
249997191
250000761
249998075
250005481
249998023
249999251
249997713
250000732
249999084
250005500
249997127
249998920
249999301
249999128
249999844
249999665
250004288
249998639
249998455
249999246
250000524
250004370
249999515
249997726
249998262
249999601
250000510
250005318
249998157
249998817
249998202
250000006
249999750
249998590
250002174
250000757
249998541
249999539
249999470
250006301
249997116
249999360
249998664
249999131
249999369
250004820
249999071
249999130
249998497
249999276
249999325
250004112
249998979
249996181
249999342
250002496
249999094
250011511
249992838
249994733
249999092
249996040
250009082
250000148
249996380
249998442
250002056
249998349
249999947
250002724
249999281
250000504
250007674
249990944
250001562
249999699
249999179
249999325
250000241
250002743
249998652
249999453
249997116
250001768
249999068
250002708
249998841
250000468
249999095
249999166
250000311
250000800
249999630
249999597
249999141
250000988
249999532
250000462
249999529
249999629
249999754
249998770
250000881
250000750
249998462
250000752
250000107
250000039
249999942
250001150
249999935
249999498
249999892
249999318
250000357
249999729
249999944
250000677
250000265
249998901
250000284
250000189
249999689
249999713
249995781
250004271
250003431
249997186
250000365
249996200
250009646
250010646
249986518
249995525
250002837
250000621
249999248
250004677
249997349
249998484
250000060
249999952
249999781
250004217
252382408
247614778
249998719
249995876
250003989
250006077
249996682
249997961
250000279
249998539
250000960
250003076
249999900
249998693
249997932
249999826
250002985
249998553
249999040
249999394
250000088
250004457
249998257
249999434
249998413
250000098
249999924
250003641
249998233
249998041
250000290
249999281
250004354
249999557
249994339
250001921
250000750
249997082
250005196
249999443
249997605
249998399
249999574
249999466
250007036
249998204
249998259
249999695
249999566
249999124
250004826
249998154
249999108
249996078
250001056
250001374
250003829
249998873
249997801
249999569
250000063
249999497
250000160
250001996
249999373
249999471
249999752
249999473
250004415
249996327
250001028
249999548
249998051
250000477
250002777
250000015
249998490
249999413
249999807
249998780
250002195
250000652
249999946
249998541
249999030
250000162
250001181
249999160
249999533
249999579
250000601
249998867
250001516
249999782
249999399
249999184
250000673
249999144
250000596
249999856
250008638
249992586
249998246
249999769
249999938
250002024
249999010
249999805
249999759
249999526
250000536
250000203
249998844
249999857
250000780
249999606
250000453
249999509
250000270
249999420
250000495
250000170
249999253
249995101
250004717
250001197
249998414
249996767
250008768
249998058
249998818
250000970
249999459
250004195
249998343
249998681
249999657
249998888
249999914
250003029
249999991
249998928
249998952
249999903
249999603
250003526
249999883
249998996
249998636
249997247
250001673
250004735
249998707
249998433
249998610
249999576
250000632
250003568
249998985
249998620
249998577
250000150
249998983
250005971
249998062
249995186
250000997
249998490
249999246
250001515
250004466
249998185
249998546
249999615
250005219
249998070
249998975
249999737
249998930
249998910
250004457
249998433
249999341
249998763
249999937
250000338
250004874
249998073
249995231
250001109
249999506
250000984
250004768
249997303
249998382
249999256
250000250
249999496
249999599
249998471
250000209
250001532
250002890
249999376
249999030
249999233
249999145
249999773
250004845
249995117
250001701
249999681
249998555
250000492
250002795
249998938
249999760
249998933
250000293
249998710
250004095
249997924
250000035
249996402
249997618
250006790
249999659
249999059
249999109
249999469
250000858
250000954
249999865
249999379
249999451
249999410
249999965
250000791
249999330
250000056
249999702
249999591
249998575
250000266
250000894
250000275
249999249
249999460
250000533
250000566
249999951
249999308
249999986
249995744
250007029
249998731
250001027
249998522
249999431
250000787
249999250
250000183
250000703
249999351
249999914
250001087
249999355
249998938
249999916
250000562
249999434
250000640
249996042
250002577
250003692
249999708
250000267
249999096
250003191
249998128
250001750
249997950
249998630
249999914
250010860
249992106
249998747
249998772
250012001
249988781
250001269
249998091
250000455
249999897
250006206
249995233
250000776
249997136
250000097
250000170
250000089
250013577
249987292
249999519
250000382
249999189
249999048
250002486
249996655
250001784
249998033
250001850
250000190
250004661
249994158
250000345
250000986
250005165
249994672
249997977
250002810
249997207
249998670
250008696
249998422
249998392
249995094
250000058
250007484
249995612
249999004
250001872
249998020
249998695
249998920
250006836
249998434
249999945
250004910
249992904
250004913
249998258
249994933
250003664
249998424
250000888
249999163
250003824
249997156
249998511
249997239
250003374
250003939
249996248
249996155
250003598
250003105
249999563
249994820
250001831
250000245
249999744
249998625
250005310
249997379
249999077
249996838
250002602
250002098
249997881
249997768
250001840
250001097
249999389
249998238
250001782
250000266
249999868
249997409
250001227
250001294
249999231
249997818
250002386
249999020
250000038
250006720
249993186
249999954
250000111
249999730
249999808
249999870
250001013
249995553
249998645
250006896
249999359
249995992
250005798
249997763
250000668
250001345
249999455
250000513
249998321
249998985
250001855
249999244
249999646
250000173
250000370
249999589
249999669
249999698
249999937
250000048
250000545
249999068
250000323
250000007
249994976
249999600
250005456
250000500
250006251
249998281
249999509
249998202
250007530
249992149
250006022
249997834
249997812
249999175
249998572
250000215
250008817
249996184
249996709
250000346
249998099
250000505
250003664
249997874
249998843
250000113
249998784
250005935
250005261
249991821
249997755
249999274
250000968
250005350
249997264
249998660
249998925
250000484
249998462
250004601
249998373
249998221
249999194
249999601
249999537
250005349
249998561
249998388
249998886
249999528
249999450
250004249
249999412
249998419
249999370
249999929
249998409
250004457
249999691
249998120
249998369
249999036
249999815
250003086
249999196
249998058
250000236
249999187
250000259
250001377
249999847
249997880
250000647
249999735
250000186
249999965
249999866
250000058
249998988
250000659
249999784
250008032
249991704
249999918
249999913
249999899
253186752
246814783
250004862
249997121
249999722
249997864
250001243
249998681
250002373
249999775
249999592
249998672
249999983
249999224
250002447
249998089
250000576
249999344
250000539
249998519
250001281
250000068
249999463
249999934
249999478
249999986
250000003
250002336
250000774
250000749
249997651
250000902
250003082
249998064
249999038
249999060
250000827
249998978
250002932
250000204
249998653
249998653
249997660
250000802
250002557
249999101
249999987
250000424
249999339
249999376
250000027
249999120
250000264
250000555
249998948
250000085
249999922
250000301
249999500
249999212
250000965
249999566
249996186
250010471
249998591
249998491
249999133
249996719
250003921
250003401
249998776
249998484
249999184
249999131
249999117
250003905
249999965
249997873
249999601
249999847
249999765
250004560
249999211
249997440
249999534
249998961
250001209
250001535
250000802
249996870
250000539
249997599
250001714
250001039
249997608
249999994
249999682
249999619
249996124
250005561
250001507
249997467
250000776
249998617
250001029
249999794
250002494
249997087
250000632
249998440
250000715
250000317
250000478
250000027
249998423
250000325
250000523
249999703
249999933
250000021
249999571
250010275
249990343
249996529
250003810
250009552
249989590
249995711
250006356
250004630
249996532
250001154
249998981
249998923
249995635
250008478
249998941
249994720
250002758
249999945
250000192
250011875
249990191
249996991
250001205
249998965
249999553
249999467
250002506
249999707
249998887
249998671
250000526
249999138
250002488
249999265
249998621
250000019
249999899
249999663
250000617
249999899
249999440
249999860
249999960
249999966
250001843
249998275
249995638
250003856
250001315
250004430
249999975
249996690
250000476
249999244
249999821
250000630
250003253
249997545
249998710
249999676
250000148
250000461
250001616
249998967
249999023
249999671
249999810
249999509
250001040
249999937
249999911
249999297
249999721
249999372
250001062
249999782
249998897
250000953
249999601
249999642
250001056
249999371
249999154
250000267
249996691
250024548
249986749
249998238
249998338
249997646
250000124
249999958
250005545
249998085
249994380
250002884
249999831
250000390
250004568
249995159
250000313
249999822
250004110
249998257
249999329
249998019
249999765
249999795
250001313
250002198
249998388
249998869
249999466
250004006
249997726
249997621
250000762
249999164
250000056
250003259
249999090
249998549
249999024
249999931
249999986
250003183
249998535
249999041
249997238
250002142
249997710
250002974
249999539
249999723
249999249
249999999
249999489
250000508
250000412
249999458
249999416
250000331
249999370
250000167
250000068
249999872
250000034
249999446
250000284
250000451
249996528
250016116
249989903
249999518
250000097
250004902
249999542
249998710
249997353
249999352
249999751
250005243
249998106
249998054
249998722
249999645
249999176
250000316
250003235
249996021
250001649
249999201
249999431
249999874
250001471
250000238
249999887
249997693
250001933
249998711
250000265
249998804
250000430
249999974
250000643
250000061
249999279
249999790
249999865
250000590
249999295
250000153
249995981
250010799
249997727
249998735
249999748
249999510
249999330
250004430
249998256
249999614
249998540
249999070
250000159
249999344
250002474
249999877
249998165
249999346
249999301
250000369
250001056
249999470
249998884
250001254
249999319
250000683
250000153
249999610
249999380
250000312
249999322
250000591
249998547
250000743
249999906
250000479
249995897
250013155
249996510
249997324
250000086
249998436
250000207
250003506
250000004
249998108
250007696
249991359
250000156
252234193
247767413
249998957
249999423
249999217
250005073
249998108
249999218
249999335
249999137
249999289
250005839
249996569
249997710
249996645
250001002
250000361
250001961
249998892
250000104
250000000
249999826
249999447
250000324
249999778
250000214
249999233
249999756
250001049
249998716
250000475
250000533
249994331
250007901
249998945
249997983
250006494
249998903
249997337
249999702
250000267
249999345
250002873
250000572
249998512
249999391
249998815
250000813
250002934
249998690
249998284
250000504
249998856
249999983
250003764
250000148
249997372
249999616
249999038
250000489
250003057
249999030
249998672
249999349
249999401
250000579
250000992
250000951
249997385
250000125
249999566
249999893
250004162
249998442
249998563
250000015
249998668
249999631
250001955
249999058
249999745
249998971
249999692
250002005
249999505
249999444
249999837
249998737
250000571
250000248
249999825
249999556
250000759
249999125
250000718
249999827
249999862
249995539
250005723
250000173
250000862
249998739
250001377
250000313
249997724
249998594
250009048
249995667
250002531
249995609
249999595
249999831
249999468
250002836
249998644
249999979
249998510
250000765
249999496
250002047
249998978
250000244
250000234
249998456
249999102
249999993
249999573
250000256
249999933
249999218
250000134
250000660
249996432
250006018
250000300
249998941
249999751
250003917
249998623
250000079
249999141
249998006
250000451
250005260
249997743
249999061
249997215
249998961
249999846
250004977
249999020
250000214
249997620
249999766
249999581
250003368
249998323
249998244
249999918
249999955
250001187
249999738
249999543
249998850
250000761
249999587
250000360
250000172
249999572
249999194
250000669
249999755
249998989
250000624
250000537
249999777
250000687
249995512
249998985
250007649
249996883
249999999
250003825
250002454
249994882
250001081
249999309
250000659
250004570
249996966
249999946
249998632
249999678
250000275
250002142
250001417
249998849
249998120
249999655
249999677
250004122
249998963
249997842
249999977
249999874
249999094
250002907
250000568
249999079
249998030
249999623
250004691
249997453
249998792
249999373
250000442
249999238
250002239
249998778
250000644
249997929
250000499
249999147
250002991
249999770
249998355
249999935
249999811
250000165
250000537
250000469
249999673
249997754
249998716
250000124
250002954
250000991
249999760
249999287
249998943
249998406
250002529
250000261
249999237
249999993
249999790
249998984
250004687
249996407
250003072
249996541
250001857
249998871
249998998
249999402
250002617
250000671
249998798
249999058
249999001
249999633
250000927
249999473
250000436
249998845
250000552
249999231
250000924
249999660
249998967
249999866
250000622
249998838
250009291
249991628
250000174
250000611
249995288
250004501
250002287
250003522
249997228
249997116
250002577
249999639
249998924
249999108
250004212
249998117
249996979
249999515
250006807
249997144
249997913
250001507
249999269
249998898
250002944
249998903
249998362
250002501
249997870
250000907
249999625
249998547
249994798
250006024
250000836
249999899
249997717
250000350
250000134
250000186
249998179
250001488
250000064
250000294
249998580
250000730
249999586
250000493
249998918
250000900
249999983
249994857
250004742
250002682
250004500
249998582
249994984
250002554
249999861
249999312
249997548
250003746
250002619
249996339
249997869
250001573
250000580
250004768
249993328
250001823
250000995
249999253
249996538
250004263
250001014
249998448
249996724
250002348
250000056
250002261
249996209
250001601
250001008
249997306
249998654
250003705
250002639
249997061
249997118
250002853
249999855
250001444
249996010
250002839
250000589
249998752
249994874
250005968
250001065
249997282
250000268
250000775
249999724
250001719
249998411
249999945
249999869
250000439
249998629
250001436
249997828
250002276
249999068
249999799
250000515
249998787
250000764
249999718
250000814
249998994
249999664
250000396
250001196
249999738
249999874
249999169
249998514
249999736
250001195
250000423
249999392
250000344
249999185
250000164
250000794
249999594
249995745
250004806
250000490
249997629
250002458
249999579
249999313
250000256
249999828
249999342
250003500
249999099
249999146
250009385
249997347
249992936
250000530
249975248
250025959
250009994
249989341
250011462
249990674
250004302
249992648
250001139
250004820
249998263
249996804
250000240
249999605
249999894
249999209
250002186
250001287
249997765
249998149
250001981
249999153
250003396
249996113
250000761
249999858
249999570
249999243
250000908
250001362
249999777
249998308
249999192
249999897
250002043
249999640
249999002
250000435
249999501
249999685
250000271
250000260
249999995
249999137
250000424
249999813
250000904
249999449
249999652
250000155
250000403
249999070
249995010
250011286
249995282
249999440
250001185
250000019
250003616
249995736
250000941
250001235
249998888
249997695
250002791
250003154
249997910
249996968
249998621
250000433
250007111
249994297
250001165
250000765
249998828
249998510
250002192
250002443
249998856
249996751
250000800
250000511
249999131
250000356
250000470
250000689
249999398
249998104
250000654
250003058
249999596
249997126
249999752
249999362
249999723
250000499
250001571
250000926
249999423
249998596
250001310
250000737
249999645
249997552
250001645
250001006
249999919
249997507
250006090
249995834
250003210
249995026
250002252
249999997
250000305
249997239
249995420
250008099
249999684
249996605
250001434
249999939
250000357
249998629
250001502
249999628
249999603
249999257
250000876
249999614
249999413
250000089
249999813
250000452
249999326
250000861
249995716
250003150
250002891
249997503
250002357
250005207
249997344
249995821
249999795
250001530
250000512
249998186
250004944
249998946
249996568
249998877
249999826
250004273
249999437
249996748
250000457
250005744
249998787
249995083
250002812
249999912
249999365
249998032
250005333
249998270
249999180
249996297
250002068
250002298
250000651
249996007
250001885
249999313
250000568
249997788
250003701
249999217
249999546
249998151
250001188
250001346
249998423
249999017
250000314
250000988
250000729
249997302
250001765
249998835
250000060
249999279
250001496
249999019
249999966
249999070
250000887
249998783
250000766
250000123
249999998
250000133
250000052
249996443
250018729
249988252
249998178
249997969
250002292
250001999
250001463
249994911
250002951
249999160
250000038
249998182
250005115
249997623
249999866
249997375
250001472
250003102
250001171
249993947
250003035
249999225
249999573
249997560
250004481
249999096
249999745
249996690
250002437
249998653
250002553
249996905
250002778
249999551
250008354
249988738
250006437
249998479
249999695
249995115
250002511
250000189
250003621
249994738
249999768
250001142
250005076
249994573
250001477
250000927
249998036
249998630
250004809
250000352
249997763
249994226
250004297
250000232
250000805
249994731
250004195
249999652
249999727
249995542
250005345
249999534
249998917
249995405
250004993
249998947
250001021
249995015
250004552
249999737
250000182
249966374
250029972
250014020
249993989
250009759
249988200
249999750
250006489
249995868
249995937
250001729
250000839
249998568
250001154
250001593
249998289
249998695
250000124
249999673
250006151
249996391
249999108
249998968
249998871
250003022
250001325
249996721
250001560
249997227
250001399
250000947
249999263
249998557
250001784
249998021
250001676
249998462
250002112
249997294
249999632
250000164
250002532
249994799
250003732
250010775
249988996
250000368
250011084
249989169
249999985
249999266
250000504
249999067
249999475
250000994
249999572
250000324
249999229
249995407
250008424
250000493
249998210
249999677
249999746
250004279
249998841
249998609
249999243
249999036
250000753
250003268
249998678
249997644
250000540
249999466
250000157
250004377
249998168
249999535
249999306
249998281
250000714
250002192
250000133
249999155
249999020
249999693
249999483
250002543
249999391
249999453
249998944
250000181
249998910
250001550
250000312
249999212
250000091
249999425
250000681
250000011
249998280
250001198
249998388
249999380
250000308
250006923
249998062
249998414
249998910
249999437
249998120
250004818
249999906
249998241
250000414
249998311
250001471
249999558
249999226
249999946
249999998
250002159
249999350
249998104
249999539
249999051
250000768
250002208
249998467
249999672
249999882
249999265
249999510
250000291
250000343
249999010
250000206
249999676
250000368
249999928
250000073
249999573
250000033
250000315
249996826
250027574
249990595
249988937
249999222
249999926
249999223
250004661
249998496
249997641
249999374
250000048
250000147
250004239
249998771
249998823
249998729
249999754
249999227
250004517
249998454
249999418
249999242
249999239
249996670
250005807
249998053
249999878
249998637
249999374
250000095
250002610
249998845
249999009
249999142
249999937
250007867
249994973
249998318
249997130
250001889
249999952
249997560
250001464
250000077
249999938
249999741
249998901
250001386
249999864
250000339
250000036
249999221
249997300
250012803
249992124
250003871
249998422
249998802
249999507
249997110
249999732
250006681
249998830
249998530
249997644
250000442
250000477
250003340
249998797
249999156
249999197
249997891
249995907
250009576
249999421
249998078
249999095
249999556
249999963
250000717
250000326
249999595
250001594
250000292
249998678
249997374
249999365
249999892
250003030
250000135
249999327
250000396
250000648
249999781
250007237
249992053
250000038
249999113
250002658
249999068
249999096
250000850
249998906
250000110
250003744
249991788
250005951
249999065
249999040
249997890
250006508
249998402
249998422
249997417
250001779
249999712
250003926
249990398
250005989
250000090
249998965
249999373
249999908
250001641
249997509
250001834
249998676
250000130
250000807
250001058
249998181
249999963
250000382
249999336
250001237
249998564
250000034
250000010
249999995
250000189
249996000
250002829
249997478
250005093
249999634
249994415
250008609
250000706
249998312
249999337
249999383
250000395
250003484
249997919
249998529
249998898
250000995
250000459
250014237
249987668
249998344
249999476
249999269
250000473
250004221
249994316
250001476
249999175
249999398
250000645
250002641
249999042
249999257
249998489
249999995
249999900
250001719
249999352
249999577
249999438
249999595
249999641
250000120
250000213
250000594
250000091
249998854
250000099
249999771
249999893
250000219
250000015
250000313
249999533
250000308
249994612
250007238
249999296
250004821
249995843
249999995
250004181
249998893
249999303
249997625
250000402
249999306
250004470
249998269
250000531
249997862
249999458
249999249
250001895
250001806
249999696
249996903
250000722
249998283
250001093
250001382
249999641
249999452
250001059
249997108
250002520
249998107
250001379
249997697
250001317
249999618
250003035
249996762
250001316
249997794
250000975
249999564
250002171
249997787
250001579
249997763
250003487
249957796
250039415
250010225
249989280
249999715
250000810
249999537
249995968
250004714
250000599
249995107
250006437
249998893
250000445
249997794
250000749
249999089
250002959
249999942
249998868
249998783
250000876
249999046
250000828
249999923
250000339
249998708
250000546
249999253
250000489
249999773
249999845
249999810
250000667
249999511
250000201
250000519
250000617
250000538
250003382
249995290
249994465
250009598
249999145
249997744
249999861
249999766
250000731
250000254
249999308
249998444
250000760
250001820
249999500
250000325
249999619
249998065
250000434
250003837
249998370
249998030
249999194
249999406
250003636
249997884
249999137
250001209
249999458
249999905
249998477
250001894
249999356
250001142
249997950
250000563
250000589
249999376
249999427
250000945
249999780
250000589
249998248
249995931
250007767
249999886
249996379
250002218
250001868
250000471
249996430
250003279
249999317
250000373
249997487
250004300
249998232
249999734
249997169
250002994
250001098
249999808
249996164
250003444
249999591
250000720
249995824
250003206
249998521
250002304
249997025
250003605
249998498
249999136
249997065
250007640
249997424
249999114
249996128
250003927
249999495
250000743
249997038
250003844
249998247
250000237
249996539
250005268
249998882
250001387
249994590
250003197
250000101
250000026
250000571
250000710
249998685
250000065
250000506
249998640
250001347
250000054
249998918
250000254
249999156
251152151
248847267
249999200
249999909
249999851
250000862
250000132
250000332
249999035
250000002
249999476
249995600
250009327
249996930
249999268
250000751
250001552
249997731
250000466
249999412
250001052
249998854
250000888
249998983
250000601
249999313
249999274
249996810
250004330
249999228
250000594
249999490
249999834
249999995
249999902
250000785
249998807
250001022
249999085
250000186
249995891
250004271
249995751
250006444
250005399
249994695
250002391
249998142
250000059
249997281
250006966
249995944
250000715
249998154
249999975
250001271
249997411
250001363
250000670
249997870
249999573
249992506
250011396
249998742
249999656
249999027
250000387
250000137
250001984
249997695
250000025
249999236
250000141
250010534
249990983
249998859
249999823
249999563
249999341
249999915
250000930
250000936
249998571
249999964
249999572
250000517
249999340
250000608
249999559
249999557
249996283
249995500
250013401
249999293
249997596
250004922
249998085
249999526
249998639
250000116
249998923
249999486
250003003
249999462
249999148
249999880
249999322
250001276
250001091
249997716
249999256
249998994
249999690
250006091
249997596
250000505
249998533
249999975
249998745
250004210
249997534
250001017
249998292
250000043
249998856
250003445
249998553
250001108
249999753
249998316
249999618
250001796
249999783
249999516
249998510
250000966
249999006
250001021
249999592
249999372
249999476
249999172
249999527
249994656
250006985
250000942
249999257
250000097
250000634
250002004
249996756
250001164
249999423
249999624
250002266
250000436
249998003
249999655
249998392
250000740
250002132
250000674
249996597
249999586
250001829
250002100
249997063
250000471
249999225
250000651
249999429
250001268
249998185
250001350
249998657
250000996
249998696
250002676
249997103
250002030
249998131
249999606
250001172
249999564
250011559
249988016
249999910
249997011
250024156
249983906
249996078
250001094
249999846
250000569
249999146
250002532
249999591
249999142
249994287
250005448
250004056
249998470
250010989
249986635
249999047
250000036
250009466
249993315
249998923
249997042
250001415
249999728
249999402
250002520
249999512
249996234
250001205
249999987
249999817
250000659
249998551
250001167
249999345
250000089
250000151
249999934
249999489
249996321
250006723
249998687
250005657
249997762
249998449
249998917
250000153
249999282
250004772
249998475
249999122
249999188
249998904
249997456
250006627
249999481
249998277
249998809
249999585
250000036
250004370
249997687
250000141
249997863
249999818
249999750
250000188
250003829
249994598
249995265
250009619
249998468
250009954
249989617
250000743
249999113
249999257
249999808
250000920
250003128
249997406
249995867
250004847
250000174
249998903
249999012
249998383
250000348
250002734
250000624
249995564
250002838
249999508
249999055
250000193
250001155
249998890
250000078
249999958
250000575
250000445
249999477
249999271
250000178
249999565
250000124
250001627
250000829
249998300
249999072
250003062
249999294
249998646
249999932
249998944
250000418
250001378
249999538
249999994
249999345
249999976
250000678
249998926
249999485
250000245
250000271
249999276
249998406
250001534
249999410
250000380
249999845
250001495
249999023
250000264
249999698
249998884
250000434
250001618
250000302
249999471
250000178
249998416
250000802
250000046
250009638
249992168
249996308
250002615
250003818
249999378
249998651
249998162
249999458
249999589
250000495
250002121
249999125
250000275
249998511
249999367
249999844
250001508
249999673
250000336
249999134
249999570
249999848
250000738
249999590
249999473
249999583
249999944
250000004
249999736
250000143
249999627
250000265
249996541
250013961
249995715
249997789
249999985
249999015
249999226
249999818
250004218
249994922
250002799
249998442
250000003
249998525
250000765
250002246
250000106
249997917
249999971
249998236
250006704
249997235
250000204
250007332
249990547
250000272
250004907
249998517
250000285
249997758
249998440
250000208
250008622
249994830
249998124
249999498
249998125
249999106
250005413
249999069
249998429
249999331
249998636
250000905
250003883
249997683
249999291
249998906
249999587
249999636
250008229
249994333
249999821
249998005
249999011
249999653
249999981
250002116
250000375
249999446
249999035
249999132
249999245
250001730
250000187
249998800
250000336
249999354
249999852
250001228
249999227
250000548
249999534
249999104
250000030
249998122
250006036
249999560
249998489
250000336
249999556
250004279
249997768
249998958
250000468
249997313
250000199
250001774
250001027
249997781
250000001
249998251
250001267
250000328
249999862
249999526
249999890
250000358
249999681
249999782
250000230
249999740
250001234
249999195
250000480
249999563
249999596
249999785
249999700
249998631
250001651
249999729
249999783
250000282
249996849
250003520
250001599
249998633
250001258
249999964
250002917
249996056
250001178
249998099
250001043
250007901
249996138
249995675
250001611
249997336
250001137
249999287
250003587
249993253
250004387
250009952
249989232
250000052
250001003
249999547
249999652
249999202
250000475
249999204
250001224
249999562
249999458
249999811
249999927
250011705
249988884
250042952
249956915
250000001
249996350
250005685
250004170
249998393
249997431
250000021
249999503
250005915
249997917
249998543
249999305
249998936
249998887
250006438
249998175
249999967
249996823
249999101
250008529
249995638
249996787
250000445
249999219
250000173
249999108
250004566
249999341
249998211
249997974
249997639
250004204
250000664
249997429
250000748
250003645
249998308
249997854
249999695
249999678
249998579
250005861
249997354
249999926
249997913
249999843
250002855
249999608
249998512
249999755
249999887
249998923
250002230
249999453
249999038
250000465
249999663
249998993
250000311
250000834
249998860
249999791
250000467
249999406
249999739
250001230
249999543
249996362
250002369
250000594
249996830
250018341
249986940
249998972
250000340
249999182
250002372
250000601
249998739
249998742
250000124
249999635
250000900
249997937
250001014
250000465
249998982
250000509
249999816
249999900
249999904
249999453
250000108
249999603
249997476
249995302
250010025
249999606
250000946
250000344
249999123
249999445
249999650
249998596
250000850
250000336
250000580
250000492
249996941
250003205
250005191
249997176
249998975
249997991
249999333
250000570
250003221
249998929
249999058
250000114
249998573
250000306
250002125
249999249
249999183
249997387
250000712
249999533
250002014
249999891
250000154
249998547
249999988
249999940
250001307
249999082
250000951
249999310
250000205
249998587
250000013
250000465
250000045
249999751
250000031
249999653
249995762
250007699
249998827
249998516
250005435
249997315
249999809
249998059
250005832
249998733
249997693
249997981
250001485
249999308
250004862
249997646
249998084
250000228
249997820
250002642
250000507
249998917
249999134
249998853
250003897
250000145
249997853
249998696
250000041
250000289
250003768
249998172
249995124
250000970
250005060
249998505
250001204
249996306
250000559
249999799
250004893
249998534
249998457
249998260
249999993
249999490
250003863
249998956
249998834
249999647
249999113
249998920
250003094
249999539
249998875
249999106
250000539
249999393
250009485
249991218
249999691
249999317
249999517
249999481
250000343
250001094
249999878
249998970
250000215
249999757
250000377
250000391
249996495
250015731
249988073
249999386
250000250
250001371
249999542
250000128
249998808
249999520
250000237
250000390
250000085
249999362
249999807
250000194
250000947
249999192
250000041
249996451
249992049
250011149
250001852
249999550
249999985
249997850
250001239
250000056
249999699
249999478
250000674
250000162
249999436
249999794
250000442
249999808
250000070
249995914
250006077
249999152
250002074
249997593
249999740
249999410
250004352
249996869
250001268
249999347
249999430
249999254
250004462
249999234
249998882
249997953
250000087
250000324
250001501
249997346
250000018
250000722
250000463
249997630
250001475
249999965
249999819
249998636
250001614
249999514
250000295
249999278
250000058
249999809
250000629
249996053
250001414
250006301
249999889
249996190
250001656
249999320
250002349
249996383
250000455
249999854
249997028
250004109
250001693
249998231
250000947
249997481
250000560
250004290
249997453
249997619
250001340
250001052
250000231
249998423
250000436
250000660
249998102
249999564
250002581
250001374
249997415
249999514
249999324
250001184
250001079
249999031
249996036
250004251
250009906
249987863
250007381
249996380
250000771
249996350
250002661
249998458
250004524
249994495
250002384
249999060
250000485
249998473
250004902
249998147
249999309
249995559
250003851
250000658
250001481
249999553
249998019
249999939
249999339
250000079
250000730
249999383
250000017
249999394
250000052
249994168
250006073
249999713
249999661
249999595
250001201
249999760
249996052
250003824
250000768
249999485
250000857
249999341
250000248
249999175
250000879
249998078
250000828
250000016
250000574
249998955
250000471
249996333
249999570
250004906
250000099
249999427
250000375
249999624
250001640
250000483
250009442
249988527
250001579
249999935
249999313
249998979
250002668
249998697
249999877
249998290
250000803
250001425
249999354
250001263
250000375
249999506
249999600
250000331
250002660
249998426
249999268
249997472
250000503
250005508
249997522
249996924
250001399
249999309
250002823
249997474
250000499
249999587
249999613
249998705
250001537
250000277
249999740
249999005
249999757
249999846
250008109
249992348
249999460
249999199
250000421
249999919
250000177
249999456
250001383
249998616
249999989
249999857
250000174
249995361
250008316
249996906
249999823
249999428
250004953
250000267
249998885
249997425
250000998
249999223
250005093
249994807
250002847
249998254
250005488
249993592
250002620
249999180
249999311
249998603
250005204
249998274
249998752
249997932
250001381
249999600
250004420
249994105
250002637
249999176
249999770
249997859
250005929
249999679
249997401
249997397
250001668
249999976
250003326
249995343
250002087
250000466
249998525
249998588
250006329
249998324
249997819
249998422
250000452
250000658
250002950
249996448
250001091
249999446
249999299
249999132
250002930
249999345
249999109
249998752
250000252
250000321
250000222
249999070
250000874
249999328
250000027
249998805
250000714
250000463
249999515
249999818
250000821
249999165
249999933
249999760
249999807
250000005
250005523
249994560
249999900
249999671
249995743
250005589
249995475
250004112
249999995
249999811
249999836
250000356
249999744
249999659
249999744
249999959
249999655
250001040
249999387
249995405
250003606
250000811
250000085
249996713
250006668
249997586
250001677
249999627
249999514
250000238
250001223
249999474
249999828
249998974
250002023
249999152
250000167
249997609
249998612
250007293
249996747
249997720
250001851
249999844
249999394
249999336
250001249
249999932
250000626
249997169
250001165
250003008
249995600
250000032
250001503
249998299
250001814
249999467
250000375
250000294
249999082
249999622
250005693
249994407
250000432
249999939
249999724
249999850
250000619
249999308
249999758
249999746
250000033
249996829
249975517
250027677
250001850
249998367
250006729
249999468
249997125
249997336
250000979
250001478
250002861
249994460
250003077
249999416
249999898
249997339
250006164
249999035
249997956
249997058
250001088
249997866
249997596
250004579
250002446
249999674
249997796
249998619
250000323
250005817
249996390
249998125
250000806
250000427
249998056
250000477
250001748
250001400
249996984
249999453
249999795
250012945
249988066
249999371
250000302
250001974
249997423
250000471
250001522
250002110
249993820
250001905
250013048
249991344
249998539
249998060
250001664
249999883
249999065
249999193
250013384
249988699
249998854
249998961
250001367
250001469
249999096
249998121
250000448
250000736
249999181
249999634
250001430
250000025
249998439
249999540
250001570
250000128
249997722
250000705
250009858
249991369
250000064
249998620
250000507
250000299
249999002
250000637
250000519
249998949
250011207
249988695
250000296
250000147
250000660
249995813
250011481
249994163
250000427
249997162
250006097
249998881
249999005
249996198
250001910
249997936
250005054
249995594
250004142
249998473
249999619
249997419
250005742
249998564
249999002
249996624
249999798
250005286
249998034
249996875
250001033
249999894
249998498
250000722
250001178
249999921
249999528
249999281
250000491
250000717
249999606
249998762
250000601
249999720
249999574
249999952
250000498
249999412
250000175
249999660
249996758
249996581
250011730
249995683
250003274
249997102
250002261
249998447
250004985
249992347
250004679
249997076
250001634
249998180
250005685
249994879
250002930
249998930
249999907
249998016
250005490
249997750
249998140
249998408
250001171
250000590
250003359
249995867
249999531
249999055
250005820
249994982
250002826
249998819
250000386
249993569
250010784
249996443
250001591
249991580
250005697
250002923
250001060
249991152
250005624
249998494
249998939
249996356
250008139
249998788
249999040
249992853
250006892
250000601
250001412
249985864
250010970
249999547
249999777
250006955
249995153
249998689
250000175
249994858
250003656
250000362
250001421
249994126
250004378
249999319
250000930
249995588
250004091
249999668
250000170
249991177
250008933
249999937
249999918
250009919
249989262
249999900
249997065
250003402
250000263
249999649
250000068
249996235
250006311
250000112
249996371
250001072
250002557
249999301
250000411
249998048
250001925
249999770
250000220
249997796
250002433
250000248
249999748
249997430
250000765
250001355
250005163
249990568
250005494
249997072
250000099
249997155
250008517
249997042
250000055
249992625
250006030
250004794
249998538
249991363
250004452
250001317
249999579
249994862
250008587
249998454
249997474
250015137
249985010
249999765
250003202
249997840
249999334
249999723
250000296
249999793
250002118
249998926
249999464
249999581
249999321
249999971
250000703
249999477
249999914
249998840
250000550
249999974
250000456
249999482
250000305
249999520
250000596
249999491
249996727
250013892
249990616
250006301
249997310
250000133
249994711
250002941
249999058
250006155
249998443
249997804
249999601
249998612
249999041
250006283
249999369
249997617
249999472
249998123
250000314
250007737
249996365
249997568
250000022
249998883
249998995
249999878
250004339
249998107
249999314
249998318
250001420
249997991
250004882
249996372
249999612
249999037
250004094
249997647
249999439
249999120
250000317
250000201
250003806
249997393
249999579
249998365
250000805
249999188
250003541
249996321
250000961
249998826
250001116
249998096
250004428
249997248
250000795
249997590
250000742
249999404
250002064
249998296
250000259
249998910
250001305
249998886
250001025
249999018
250001038
249998672
250000535
249996700
250003567
250009969
249990171
249999225
250000258
249996183
250005375
249999311
249999224
250000550
249999628
249999076
250001347
249999530
250000292
249998603
250000835
249999906
250000588
249999608
249996257
250017800
249987987
250005457
249995845
250000346
249998956
253943660
246055558
250003486
249999811
249997972
249998519
250000366
249999121
250004747
249996003
250002205
249998893
249998817
249999112
250002985
249997936
249999438
249999159
249995439
250007251
250000270
249997939
250000296
249998874
249999808
250001390
249999405
249999135
250000814
249998995
249999728
250000397
249999894
250000488
249998975
249999820
250000520
250000382
249999536
249999225
249996407
250006593
250000703
250004547
249998813
249995513
250000922
249999735
249999330
250003755
250000727
249996869
249999714
249999052
250000926
250004500
249998453
249995679
250001459
249997986
249998962
250004014
250001611
249999073
249998303
249999316
250000066
250005861
249998740
249994097
250001764
249997240
250002129
250005567
249997734
249999411
249998145
249999392
249999635
250005468
249999132
249995744
250000101
249998178
249999222
250005108
250000890
249997409
249999480
249999602
249999316
249999870
250003949
249996580
250000970
249999639
249999752
249999662
250003064
249998774
249998223
249999856
249999947
249999052
250000937
249999798
249998395
250000484
250000854
249999210
250001185
249999024
250000564
249999351
249999079
250000086
250001073
249999901
249999722
249999235
250000132
250000171
249999713
250000434
249999108
249997222
250014445
249988647
250000839
249999584
249999997
250000328
250000136
249999075
250000272
250000152
249999905
249999459
250000496
250000331
249994849
250005438
250001765
249997911
250005810
249994223
250001844
249998878
250000490
250005016
249997677
249997384
250001475
249997892
250001176
250000032
250001912
249998418
249999683
249997717
250000942
250002781
249998147
249998398
250001049
250001168
249999392
249998247
250001028
249998536
250001208
249999170
250000463
249999689
249999842
249999183
250000878
250000677
249999531
249998305
250001943
249994303
250010026
249994527
250003033
249999290
250006191
249992324
250004636
249996439
250001468
249997274
250004659
249999392
249998303
249996411
250008407
249998809
249998725
249994990
250003031
249998658
250006887
249992451
250003420
249998598
249999214
249997444
250007338
249999700
249998492
249994506
250003314
249997532
250008062
249992741
250003222
249999426
249998191
249997086
250009251
249997714
249998529
249994321
250003767
249998004
250007253
249992510
250004293
249996754
249998501
249999135
250004258
250002175
249999049
249993013
250004526
249998267
250005098
249999543
249999489
249998500
249999871
249996325
250007572
249996838
249999133
249998845
249998057
249999790
250003855
250001019
249998471
249998540
249999997
250000008
250001596
249999332
249999870
249999216
250000296
249998574
250001525
250000255
250000495
249999149
249999128
249998480
250012612
249989995
249998625
250000710
249999535
250007968
249992166
250000060
250000308
249998844
249999979
250000143
250000080
249999865
249999012
250000785
249999813
249999727
249995772
250004396
250004115
250000118
249997577
250000114
249999390
250005271
249997482
249999286
249999076
249997037
250000704
250005983
249996462
250000790
249998190
249997548
250001781
250005256
249996734
250003073
249994301
250002644
249998998
250000063
249998866
249999314
249996523
250005173
250000458
250000015
249998838
250000443
249999938
250000078
249999327
249999857
249999642
250000074
250000225
249999809
249999581
249996478
249992470
250015526
250000060
249996864
250001488
249999268
250004960
249998790
249999847
249997646
249998811
250000430
250004710
249998262
249998410
249997539
250001575
249999339
250005442
249997884
249996702
249999211
250005020
249999142
249997525
250010575
249988775
249998236
250006322
249998007
249998807
249998907
249999523
249993977
250009720
249999501
249998574
249998531
250000067
249998347
250005570
249998490
249998248
249999426
249999802
249999240
250004162
250000224
249997202
249997822
249998693
249999813
250005433
250000115
249998960
249999337
249998177
250000323
250001515
250002095
249995823
250000544
249999824
250000726
250001439
249998915
249997979
249999437
250000935
250001494
250000008
249996982
250001555
249997971
250002267
250000778
249999075
249999638
249999793
249999053
250000114
250000699
249999675
249998231
250001004
249997831
250004372
249998963
250001453
249998333
249999453
249999530
250002300
249997204
250003439
249999485
249999750
250000026
249999013
249999120
250000484
249999751
250018136
249987215
249998628
249998907
249999380
249999095
250004481
249999490
249997786
249997896
250000729
250000138
249998365
250004883
249998256
249998406
249998268
249999613
250003939
249999298
249999108
249998984
249999709
250000622
250000434
250000473
249999011
250000405
249998963
249999935
250000177
249999726
249999640
250000180
249999794
249999870
250000301
249999392
250000074
249997204
250001103
250002201
250007301
249999541
249997589
249996391
250000958
249999849
250005238
249999517
249997948
249998785
249996663
250000254
250007024
249995022
250002243
249997288
250000782
249999647
250004818
249998931
249997651
249999357
249999033
250004540
249997615
249999342
249999777
249997686
250001372
250005088
249997368
249998555
249999157
249999617
249997026
250006837
249997730
249997718
250000377
250001434
250001503
249998851
249999163
249999527
249999887
249999389
250003615
249998032
249998936
249999742
249998734
249999696
250003004
249999780
249997882
249999921
249997914
250000336
250003342
249999668
249998719
249999588
250000151
249999145
250000268
249999977
250000121
250000736
249999408
249999777
249999520
250000258
249999697
249997614
250010446
249993610
249999117
250000672
249999888
249999954
250000046
249996165
250003930
249999104
250000062
249999921
250000166
249999819
250000737
249999913
249999004
250000400
249999789
250000264
249995604
250003963
250000301
249999910
249998766
250001521
250000169
249999424
249999680
249997408
250013410
249995775
249998439
249998651
249999843
249997147
250002612
249999797
250001494
249998855
249998591
250000405
249999040
250001162
250000886
249998615
249998987
250001965
249999482
249999115
249999631
250000105
249999474
250008316
249992056
249999617
249999405
250000142
250000243
250000198
249999790
249999879
249999521
249999817
250000271
249999819
249995653
250009435
249997793
249999780
250000029
250000259
250002723
249996765
250001395
249999199
249999413
249996871
250004209
250002493
249995331
250001476
249998277
250001114
250000230
250000060
249999024
250001743
249997561
250001986
249999226
250003678
249994900
250003032
249996880
250002334
249999122
250000866
249997968
250001268
249995251
250002873
250018628
249986848
249996916
250000554
249999150
249999485
250002473
249999707
250001142
249998458
249991547
250008651
249999577
249999024
249999895
249998341
249995994
250009785
249994315
250001560
249999705
249999423
249998753
250003951
249999756
249999203
249997583
250000654
249999552
250001526
250010124
249988725
249999678
250000305
250000691
250001107
249999902
249999490
249999828
249999297
249999539
250001012
249998654
250000097
250001418
249999132
249999120
250000589
250000484
249999756
249999635
250000229
249999437
250000615
249999045
250001113
249999022
249999796
250000180
249999794
250013070
249988106
250000015
249999435
250000153
250000159
249999398
250000474
249999155
249999997
250000387
249999905
249999941
249999681
249997003
250005185
250000477
250000711
250003695
249996372
249999685
249999616
250001191
249998778
250003308
249997886
250000504
249998744
249999438
249999368
250003665
249996612
250001002
249999932
249999864
249998126
250002253
249998949
250000707
249998612
249999529
249999960
250001011
249998703
250000259
250000205
249999981
249999700
249999620
250000194
249999797
249999895
249999640
250000258
249999752
249999706
250000363
249996383
250021549
249985801
249999104
249999434
249999879
250004316
249998896
249998419
249999772
249997556
250000758
250004116
249999451
249997233
250000165
250000242
250000023
250002964
249994901
250002536
249997510
249999077
249999684
250006223
249998964
249998284
250000161
249999126
250003064
249996906
249999991
249999177
250005051
249996137
250000715
249997873
250000837
249998232
250006113
249997475
249999328
249998527
249998223
250003252
250000486
249997846
250000012
249998845
250000227
250001409
250001310
249997329
250000749
249998626
250000883
250000438
250000451
249998363
250000439
249999095
250001338
249999364
250000275
249999181
250000080
249997124
250003242
250011200
249988280
250000227
249999691
250000399
250000990
249995803
249998743
250004115
250000000
250000288
249999837
250000118
250000149
249995487
250004980
250001860
250000259
249998778
250000282
249999842
249999362
249999782
250001067
249998708
249999883
249999646
249999932
250000440
249999888
249999402
249999277
250000797
249995765
249999091
250002542
250017880
249986754
250009974
249988741
250000903
250000436
249999233
249998360
250001589
250000419
249999929
249998395
250000723
249999906
249999138
250000454
249999991
249998795
250001097
249999651
250000505
249999892
250000188
249995873
250007130
249998781
249998507
250006360
249998616
249998985
249997945
250001073
249998857
249999394
250004184
249998501
249998574
249996462
250001201
250000301
250004178
249997689
250000255
249999765
249998798
249999768
250003603
249995443
249999930
250006240
249997133
250000366
249997617
250000234
249998930
250005154
249996831
250000396
249998775
249999618
249999477
250006762
249994609
250001796
249997111
250000953
249997621
250002542
249999626
250002654
249995759
250000391
249999113
250000285
250002105
250001874
249996333
250004457
249994895
250000827
250001104
250002959
249995076
250002275
249997683
250002164
250011470
249990088
249998873
250000694
249998871
249999740
250003532
249998662
249998635
249999378
249999012
250000890
250000118
250001675
249997615
250000648
249998507
249999685
250002795
249998827
249999494
249999816
249999568
250000196
250001210
249999926
249998528
250000634
249999109
249999905
250000500
249999983
249999972
249999062
250000128
250000338
250000524
249996189
250004929
249999981
249998887
250000193
250001145
250000563
249995004
250003556
249999395
249999967
249999840
250000058
250000464
249998872
250000365
249999752
250000277
250000477
249999295
249999982
250000036
250000617
249995203
250008278
249999234
249997125
250001034
249999409
250006581
249996037
249999192
249999088
250001813
249996129
250000492
250000843
249999779
250000847
250000731
249999389
249999564
249998474
250000150
250000252
250000472
249999506
249999897
249999538
250000523
249999440
249999695
250000577
250000020
249996017
250013889
249992189
250003864
249994723
249999510
250001111
250000447
249998994
250004068
249998127
249999819
249996548
250002383
250004295
249998511
249995126
250000742
250001561
250001063
249997715
250002510
249998768
249999859
249997600
250002397
250000287
250003446
249994662
249999707
250001590
250000432
249999622
250003475
249997461
250000423
249996101
250003190
250004838
249998290
249994521
250000489
250001768
249999477
249999128
250003949
249999709
249998311
249996854
250002317
250004015
249999126
249994916
250000341
250001004
250001314
249997937
250005024
249996514
250000060
249997441
250000463
250003569
250000716
249994700
250001252
250000364
250000446
249995674
250006301
249999275
249999826
249995747
250002714
250002488
249997462
250001646
249998172
249999584
250000310
250001026
249999505
250000129
249999718
249999588
250000237
249994851
250005591
249999223
250000177
249999378
250000048
250000134
249979229
250020455
250000498
250000183
249999636
249999879
250000137
249998779
249996783
250004853
250002380
250000702
249999686
249998731
250001175
249999633
249999161
250003847
249999827
249994684
250000605
250000739
250000554
250004337
249997692
249998013
249999946
250000211
249997347
250006049
249998209
249998286
249998638
250000093
250000463
250003888
249999653
249997398
250000222
249998926
249999389
250001254
250000401
249999916
249997568
250000702
250000225
250000436
249999445
250000045
249999986
249999841
249999910
249999646
250000287
250000340
249999059
249999916
249999713
250000353
249996085
250013556
249992897
250003907
249999362
249997878
249998426
250000746
249997044
249988327
250016940
249999701
249998468
249999080
249999900
250002566
249999156
249998688
249999480
250006069
249994157
250001509
249999315
249999262
250000140
250005731
249997717
249999919
249998527
249996873
250001998
250007044
249991111
250002424
250000393
249997859
250000139
249998817
250005345
249998303
249998888
249998517
249999910
250000160
249999448
250002146
250000212
249998744
249997846
249998538
250006133
249999510
249996209
250000382
250000975
250000352
249998626
249998733
250005781
249997679
249999405
249999164
249998426
250001223
250001270
249999432
249999059
249999944
249999173
249999689
250000792
249999136
249999880
249999399
250012284
249987911
250000736
249999843
249999440
249996241
250004019
250000385
250002343
250000522
249997873
250000156
249998525
250000013
250001427
250000513
249999592
250000845
249998427
249999420
250010015
249992525
249997589
253033073
246967529
250002496
249997489
250000026
250000420
250001832
249997490
249999436
249999761
250006234
249994733
250012045
249988138
250001391
249994362
250008510
250011859
249986924
249996765
250000475
250000772
250004091
249998627
249997363
250000378
249999952
249999975
250002583
249998602
249999732
249997633
250000942
250000300
250001680
249998422
249999815
249999459
249999518
250001777
249999073
249997923
250000724
249999326
250000478
249997821
250016625
249985443
250002676
249999428
249999831
250000340
250001138
249997279
250001927
249997058
250012547
249989722
250003854
249999383
249996289
250001326
249999648
249999905
250002186
250000553
249998197
249996841
249999829
250002807
250003831
249998081
249997141
250000698
250000355
249996930
250003264
250002627
249997580
249996825
250000796
250000797
250004340
249998630
249997183
250001216
249999294
249999528
250000757
250001467
249999224
249997149
250000454
250001059
250003776
249998358
249998399
250000453
249998123
250000670
250001525
250000490
249998111
249997819
250000268
250000989
249999152
250001985
249999369
250000594
249998855
249999941
249998541
250001793
249999899
249998978
250000695
249999723
249999385
250000651
250000285
249999207
249999696
249999948
250000647
250001111
249998397
250000774
250000339
249999125
250000427
250000805
250000971
249998540
249999924
250000185
249999660
249999621
249999887
250000044
249999850
250000072
249999792
250002084
249997672
249999970
250000399
249996405
250005587
249999099
250003863
249995731
250000814
249999936
250000812
249999204
250000491
250001025
249999273
249998703
249999702
249999849
250002457
251560471
248438898
249998862
249999493
249999479
250000963
250000216
249999375
249999745
250000035
249999487
250000347
249999563
249999800
250000045
249999834
249999983
249999761
250000652
249995457
250006802
249998533
250000764
250004383
249993727
250001005
250000494
250001127
249999392
250001109
250001674
249999065
249998922
249998193
250001328
250004777
249993260
250001292
250000829
249999490
249999488
250001139
250003261
249998231
249998340
249998223
250001621
250006263
249992057
250001272
250001119
249999934
249998992
249998698
250003886
249997390
249998904
249999422
250003252
250001807
249994340
250002164
250000207
250000092
250002341
249998344
250000106
250000161
250126251
249872882
250001022
250000050
249995762
250001283
250006580
249999581
249996615
249998418
250001317
249999053
250008674
249991288
250000152
250000972
249996441
250002258
250003043
249998309
249998684
249999221
249999598
250003762
249998494
249997327
250001115
250000367
249999297
250006323
249995123
249999456
249999471
249999773
249999883
249999367
250000796
249999934
249999986
249999230
249999289
250001013
249999823
249997033
250004469
249998665
249999584
250001436
249999096
250000304
249999985
249999302
250000297
249999796
250001271
250000224
249999610
249999471
250000072
250001702
249996905
250001509
249999445
249999660
249999394
250000609
250001009
250000790
249999212
249999187
250001369
250000395
249999636
249998914
249999851
249999941
250000148
249999572
249999830
250000012
250745841
249254302
250000911
249995223
250007497
249997296
250001769
249999154
249998075
250001017
250002780
249999402
249998177
249998746
250002666
250003887
249996420
249997760
250001835
249999458
249998064
250001227
250000237
250002126
249996896
249999758
249999890
250005538
249994626
249999354
250000351
250004101
250007288
249988955
250002352
249998780
250000671
249998719
250004363
249997705
250000259
249997088
250002178
250004608
249993005
250000744
250001260
250000679
249999000
249998522
250004901
249998743
249998352
249998228
250001795
250004269
249993626
249999925
250002594
250000400
249997470
250000457
250004462
249998510
250009346
249986213
250002485
250004480
249993567
249999959
250002900
249999992
249999624
249998374
249999433
250003860
249998009
249997693
250002020
250003753
249994486
250000447
250001592
249999722
249999192
249999110
250004443
249998262
249998738
249998084
250001687
250002424
249996722
249999901
249999680
250000976
250000861
249998338
250000985
249999549
249999698
249998946
250001104
250000061
249998603
250000302
250000051
249999760
250000987
249995204
250019002
249988584
249998987
249997954
250003019
249999362
249996796
250001107
249999945
249999226
250001322
249999071
250000759
249999856
249999657
249999211
250000111
249999907
249999290
249997729
250005649
249998597
250000126
249998876
249999270
250001699
249999981
249998822
250000656
249998778
249999850
250001135
250000056
249999711
250000338
249996015
250005775
250000732
250005098
249989819
250004406
250005091
249992936
249996839
250004505
249999522
249999389
249997002
250008373
249998905
249998261
249993479
250005963
250005627
249992618
250004155
249998405
250000220
249999111
250014243
249989665
249997650
249998928
249999363
249998968
250016819
249982299
250004868
249995910
249999243
250006533
249997494
249997790
250000498
249999770
249999867
250000380
250000896
249996783
250001731
249999954
249999957
250000130
250001452
250002338
249996913
249999661
249999917
250000172
250000541
249996743
250002790
250000341
249999698
249999359
250001715
250001270
249996759
250001042
249996944
250000309
250003718
249996640
250002726
249999538
249999161
250000687
250003814
249996079
249999037
250001155
250001485
250000207
249997814
249996932
250001246
249996175
250005549
250002939
249997971
249999442
249997864
250002017
250003034
249995101
249999794
249998734
250003038
249999839
249995358
250006530
249998832
249999757
250009876
249989622
250000354
250000175
249999366
249997207
249997457
250004807
249999825
250000506
249999439
249999459
250000074
250000464
250000152
249999312
250000102
249998687
250001577
250000005
249998977
250000690
249999316
250000386
249999642
249999977
250000317
249999321
249997449
249964500
250038783
250000139
249999706
249999953
249996392
250006851
250000372
249999418
249999164
249998964
249999317
249999081
250001692
249999934
249999948
249999323
249999731
250000562
250000607
249999603
249998969
250000957
249998881
249999520
250000375
250000292
249997221
250004657
250000137
250006264
249996375
249996129
250001910
249999533
249999808
249999002
250002862
250000881
249997794
249997941
250000832
250001038
250000565
249997518
250002030
249998950
249999273
249998508
250003416
250003692
249995488
249997683
250001444
250002119
249998971
249998610
249999899
250003488
249996037
249999339
250002731
250004315
249994569
249998287
250013868
249987061
250535842
249463997
250004034
249998804
250000104
249995747
250007984
249998936
249998892
249994688
250002841
250000792
250005073
249992718
250002818
249999081
250000285
249997530
250005374
249998088
249999600
249995840
250001041
250006860
249997444
249995059
250003176
250000187
249999424
249998206
250004044
249999357
249998880
249996576
250001734
250004794
249999537
249990740
250006988
249999080
250000077
250045056
249955192
249999003
249999603
249999412
250003436
249997616
249999592
250000225
249999360
250000022
250000664
249997984
250001280
249999376
250000360
250000198
249999151
250000793
249999174
249999666
249997358
249997409
250007674
249997370
250002855
249999311
250001760
249998557
249999012
250000394
249999963
249999591
249999948
249999929
249999921
249998733
250000691
250000103
250000208
249999451
250000362
249999836
250000391
249996198
250018538
249987168
249999362
249997234
250005437
249999212
249999650
249998587
249999258
249999772
250002038
249999403
249999652
249999272
250000334
249997606
250001982
249999611
250000118
249999466
249999681
250000282
250000665
249999533
249999613
249999535
250000285
249996237
249998873
250010855
249999699
249994137
250003491
249998046
250000968
250004060
249998793
249998727
249998904
249996242
250002791
250005174
249999160
249997903
249999138
249999228
249999940
250004240
249999732
249997837
249999074
249996269
250002181
250005744
249998370
249997737
250000835
249998673
249999041
250005825
249998441
249998256
249999621
249995695
250002250
249999496
250004218
249998950
249998905
249998982
249999435
249999869
250004449
249998326
249999235
249994967
250000786
249999951
250007034
249998539
249997871
250000034
249999739
249999724
250002373
250000823
249998121
249995902
250002205
250000599
250001515
249997143
250000080
249998438
250004750
250000625
249997527
250000124
249999492
249996838
250005031
249999762
249999168
249999939
249997535
250000063
250001848
249999763
250000573
249998933
249997714
250002105
250000545
250000410
249999601
249998913
250000609
249999728
250000189
250000130
249999947
249999796
249999463
249998490
250000955
250001986
249998819
249999725
249999801
250000008
250000024
249999896
250000165
250000079
249999436
249999634
250000637
249999430
250000199
249999833
250000335
249999501
249997096
250002954
250000115
249999732
249996865
249964463
250043419
249999305
249998540
249999742
250007987
249994989
249998317
249998926
249999494
249999668
250000144
249998360
249999652
250000371
250001485
250000174
249999532
249999900
249999588
249999590
250000152
249999557
250000451
249999632
250000120
250000132
249999534
250000451
249998511
250002148
249994549
250007260
250000161
249999525
249999722
249998222
250005571
249997822
249999136
249999091
249999703
250005751
249998874
249997543
249999226
249999254
249999658
249999582
249996440
250005674
249999076
249999624
249999568
250005142
249996471
250000377
249996678
250001774
249999127
249999981
250004631
249998028
249999391
249999862
250004244
249997451
249998581
249999158
249999844
249999382
250004712
249994436
250002969
249998130
250000289
249999043
250004230
250000012
249996302
250000157
250000080
250004075
249999371
249994079
250002591
249999643
249999595
250004846
249996943
249998767
249998843
249999775
249998683
250006895
249995856
249997351
250001566
250000471
249999159
250003855
249996481
250000788
249998146
250000615
249998881
250003569
249998431
249997926
250001098
250001280
249998113
250001333
249999072
250000125
249999409
249999875
250010265
249989760
250000363
249999213
249997348
250021191
249983180
250001422
250000440
249999329
249999360
249999415
249999893
250001485
249999578
249996808
251935636
248068149
249999857
249999941
249999025
250000626
249999495
250000236
250000005
249999472
249999396
249998456
250002522
249999376
249999902
249999171
250000880
249976651
250024123
249999580
249999859
249999236
250000452
249997880
250001743
250000099
250000268
249999406
250000067
249999886
250000332
250000081
249999260
249999783
250000072
249999431
249995850
250008238
250000440
249998526
249999975
249997057
250007944
249997562
249999255
249998595
249999688
249996777
250008975
249994059
250000397
249999198
249998317
249999762
250006051
249999016
249999385
249999213
249998748
249996784
250007304
249998343
249999513
249997876
250000462
250000015
250005527
249997536
249998999
249998507
249998970
249998844
250004044
249999156
249999102
249999446
249999465
250002217
250001889
249997301
249999664
250000218
249999303
249996498
250005962
249997970
250000999
249998334
249999366
250000484
250004778
249997712
249998490
249999253
249999458
249996759
250007025
249998211
249999256
249999138
249998832
250000441
250004420
249997558
249998273
250000273
249997758
249999161
250004236
249998840
250001172
249998373
249999144
249999708
250001234
249999268
250000687
249998747
249999669
249998956
250002098
249999334
249999024
250000575
250000058
249999354
250000881
249996568
250017025
249988623
249998966
249997274
250005523
250000160
249997986
249998853
250000724
249998324
250004790
249998308
249999122
249998908
249999298
249998009
250002795
250000040
249998541
250001358
249999761
249997959
250001330
250000156
249999351
250000413
249998780
249999351
250001138
250000147
250000564
249999240
249999833
249995351
250001091
250008716
249997296
249999420
250002338
249995829
250001280
250001467
249998944
249999402
250001737
250000125
249998765
249999540
249999344
249999621
250001305
249997967
250001071
250000186
249999109
250000595
249999702
249999820
250000585
249999305
250000075
250000149
249996643
250004193
250002216
249998325
250001104
250004367
249997074
249998886
250000106
249999254
249999784
249999859
250001475
249996942
250002069
250000526
249999784
250000555
250000765
250001799
249996788
250001096
249997159
249999098
250004943
249996088
250002706
249999979
249999339
249998866
250003586
249999165
249998430
249999628
249998994
250000553
250003787
249994683
250002914
249999292
249999415
249999113
250003565
250000088
249997619
250000100
249998926
250000777
250003672
249994411
250003423
249998324
249999724
249999676
250003951
249999070
249998409
249998574
249999926
249998201
250002914
249998187
250001038
250000125
249999881
249998724
250000876
250000306
249998955
250000064
250000788
249999924
249999204
249998396
250000744
249999549
250001330
249999954
249996025
250005478
250000107
249998785
250000310
250003020
249997901
249997269
250001353
250000977
249998944
250003792
249996523
250001296
249998890
249999680
249999325
250004009
249997042
249997958
250000676
250003099
249997345
250001034
250006834
249992677
249998884
250001798
249995560
250003071
250010587
249988333
250000213
250000856
249999916
250000765
249999442
250000231
249999333
250000039
249999763
249994874
250008518
249996994
250003259
249999077
249999479
250002982
249997449
249999939
249999383
249999224
249999544
250008819
249993428
249996896
250001653
250000414
249999490
249999589
250000644
249999345
250000520
249999840
249999258
250000298
250000023
249998291
250001540
249999357
250000290
250000077
249996750
250017256
249989176
249998503
249999695
250003941
249998726
249996318
250001291
249999921
249999419
250001363
250000577
249999528
250000194
249998248
250000375
250006053
249998389
249995341
250001482
249999594
249999796
249999979
250002464
249998522
250000117
249998220
250001454
250002883
249999901
249994268
250002040
250000029
249999955
250000183
249998274
250002534
249999386
249997971
250000614
250003681
250000082
249995855
250001150
249999293
249999030
249976908
250025177
249999989
249998796
249999918
249999502
249999185
250001786
249999744
249999899
249999664
249999453
250000156
250000089
250000278
249999943
249999576
250000385
249995927
250020144
249982915
250003797
249999031
249999420
249999235
250005898
249997340
249998367
249998489
250001064
250000012
250004721
249993048
250003672
249999136
249999472
249998194
250012231
249991100
249996721
249999182
250003867
250000039
250000026
249995885
250002029
249999691
250001879
249997580
250001557
249997757
250001311
249999781
250000844
249999559
249999924
249997636
250001384
250000242
249999952
249999585
249999665
250000184
250000096
250000365
249999208
249999749
250000384
249995827
249996086
250008855
250005230
249996197
249999731
249999210
250001068
250001044
250000527
249997938
250000446
249997501
250001363
249999919
250003038
249996292
250000070
250000294
250000473
249999068
250000912
249998653
250002323
249997740
250000312
250000620
250000439
249996128
250002202
250011602
249989535
250001039
249998000
250000401
250000148
249998564
249996940
250006837
250004856
249997552
249995689
253335757
246666073
249999126
249997679
250006687
249998440
249995352
249999443
250001992
250000436
250002247
249996419
250002136
250000637
249997998
250000919
250003097
249998850
249996210
249999289
250002385
250001299
249999338
249998482
250001322
250000913
249997673
249998219
250006489
249998157
249996509
249998958
250002082
249999968
250000112
249999114
250003316
249998848
250010037
249986795
250004711
249999431
249996595
249999519
250002240
249999464
250001747
249996868
250001843
250000475
249998710
249997784
250002973
249998219
249996746
250027608
249976499
249999478
249999666
250004277
249999781
250000067
249997537
249999887
249998576
250004966
249995035
250002782
249999584
250000046
249997562
250002962
250000509
249999747
249999102
249999254
249999849
250003783
249995134
250000598
249998781
250005054
249999141
249998897
249999757
249999482
250000195
249997841
250003106
249999640
249996762
250002801
249998441
250001827
249998688
249999672
250000441
250000855
249998213
250009343
249990800
250000360
249998422
250000699
249998351
250001804
250001005
250000092
249998747
250000058
249999711
250000613
250000065
250000046
249998273
250000875
250000057
249999581
250000169
250000599
249999334
250000354
250008230
250004889
249991065
249999287
249995921
250001669
250000917
250004392
249998600
249997441
249999822
250000236
250004391
249998796
249999117
249996534
249998583
250000375
249994675
250011031
249998036
249998457
249997846
249999804
250000223
250002475
250001083
249999711
249996370
250001425
250001043
250003494
249999311
249997911
249999681
249999133
250000465
250002947
249999137
249999344
249996153
250001091
250000463
250004590
249998558
249998042
249999861
249999065
250000215
250003440
249999352
249995633
249999938
250000841
250001065
250002108
249999698
249998663
249999375
250000411
249999813
249997977
250002703
250000934
249996878
249999159
250000168
250003173
249999295
249998833
249999321
250001882
249999401
250001084
249999688
250000070
249996394
250002622
250002336
250000680
249997948
249999023
249999361
250005651
249995261
250000576
249999906
250000093
249996439
250004369
250000721
250000338
249995234
250001140
250004475
249999757
249997685
249998242
250001333
250000005
249998143
250003470
249998118
250000251
249999172
249999461
250000970
249999961
249999299
249999971
249999589
249999768
249999206
250000741
250000405
249998980
249999849
250000754
249999616
250000528
249999627
249999446
250000555
249995903
249998432
250006282
250000042
249999867
249999905
249999901
250000816
249995236
250015046
249988312
250000363
250000360
249998426
250001264
249999763
250002085
250000101
249999801
250002906
249998838
249999516
249998324
250005636
249997721
249994727
250001843
250000618
250000618
250004018
249996798
250000499
249998533
249997460
249999492
250006034
249998432
249995532
250001050
250001155
250004096
249999607
249996411
249999755
249999001
249998937
250003170
250002607
249999312
249995033
250002985
250002236
249999326
249998244
249998040
250001823
249998632
250004061
249997323
249999969
249999836
249995446
250004639
250002248
249999948
249997744
249998170
249999360
250006872
249997804
249997068
250000339
249999814
250027754
249973528
249999832
249999410
249999312
249998765
250000860
250001728
249999735
249998800
249999279
249999001
249997187
250004033
250001230
249998872
249999494
249999700
250000326
250000794
249999607
250000140
249998516
250000178
250080332
249917304
250019155
249987182
249999445
249997910
250000990
250005043
249998658
249996110
250001006
249999829
249994275
250005273
250002992
249998838
249998904
249997899
250001183
250003915
249998602
249995728
250009236
249995194
250028111
249968285
250000634
250000155
249999612
249999081
249998981
250002801
249998932
249998854
250000227
250001057
249995348
250004016
249999929
249999471
250000248
250000923
249998717
250001793
249998849
249998765
250000341
250000315
250000450
250000276
249999158
249999742
250000503
249999766
249999758
249999914
249999816
250000160
249999765
250005038
249991552
250000851
249988809
250015841
250003461
249995763
250002404
249999724
249999859
249997787
250005454
249999388
249994942
250000029
250001103
250001037
250001982
249996229
250001073
250000448
249999915
249999293
250002038
250000097
249992811
250003923
250000872
250005507
249997353
249996376
250000018
249998940
250006913
249994673
250001582
250000590
249997737
249999010
250005738
250000050
249996339
249998265
250000753
250001624
250001219
249997206
250001240
250000175
249993101
250004634
250002699
250002560
249996125
249998182
250000984
249999977
250001462
249998416
250000579
250001395
249997114
250000473
250001605
250001848
249997278
249999235
249999602
250001482
249999515
249999919
249998718
250002737
249993397
250004172
250008622
249992964
250009889
249988469
250000353
249999980
250001357
249999317
250000154
249999566
249998244
250002233
249995458
250007404
249998670
249997162
249999299
250007876
249998227
249995052
250002852
249999568
249994568
250004148
250004356
249999318
249998817
249996402
250002053
250004702
249998424
249994909
250002418
249999784
249997252
250001281
250003452
249994738
250002739
249998602
250004007
250000196
249996666
249998757
250002065
250002692
250051491
249943952
250001736
249999414
250000112
249999135
250001057
249999989
249998698
249999360
250003041
250000046
249993423
250003692
250000524
249999660
250000712
249998646
250000851
249999792
250000028
249999737
250000609
249999354
250001541
249998707
249999605
249999957
249999802
249996414
250014839
249989650
250000181
249999219
250000729
249999388
249994509
250005325
250007718
249998375
249998248
249993185
250004660
250000218
250005081
249990053
250006021
249999199
250010655
249983767
250008017
249997916
249999916
249993305
250012267
249992522
250002927
249992227
250007024
249997269
249996680
250028601
249979106
249998359
249999417
249998939
250005241
249998627
249998936
249998114
250000007
249999983
250002520
249998595
249999359
249999853
250004103
249993508
249999330
250002836
249998300
249998846
250004872
249999598
249993037
250005008
250000120
249999479
250002505
249999609
249998385
250000040
250000709
249998389
250000907
250001016
250008046
249990033
249998624
249999451
250001907
250000161
249999795
249999105
249999560
250000763
250000170
249999450
249996569
250003303
249999835
249996451
250009021
249999126
249995782
250005440
249999179
249998773
249999620
249996439
249997729
250009469
249998498
249998262
249997881
249998512
249999772
250006870
249995846
249999209
250000447
250003595
249998821
249998510
249998688
250000390
249998582
250005539
249995336
254839806
245159833
249999706
249999981
250004029
249991786
250005545
249998742
249998635
249999864
250003037
249998065
250001285
249998516
250000816
249998543
250001767
250008650
249989943
249999230
250000546
249999699
250000301
249999924
250000285
249999493
250000116
249999705
250000121
249996316
250003679
249999613
250000667
249994393
250005563
249999678
249996501
250027057
249978792
249999721
250005367
249997196
250000567
249998504
249997828
250006045
249996577
249998301
249998864
250000912
250000124
250004029
249998941
249991233
250006555
249999006
250000471
250005381
249998018
249998135
249998653
249999781
250000491
250003172
249999347
249998826
249998304
249999761
249999892
250004321
249999546
250006897
249990435
249999060
249998720
250005563
249998876
249992101
250005064
249999800
249999598
250005000
249997742
249999651
249998450
249999173
249999023
250006104
249997695
249993753
250004150
249999598
249998759
250001293
250000874
249999717
249999098
249999395
249999544
250000023
250001959
250000822
249997436
249999441
249999337
250000120
250001279
249999564
249999917
249999330
249999948
249996208
250004023
249996967
250002850
249999909
249995423
250004999
250005239
249995724
250002183
249997714
250001053
249997938
250005933
249995498
250002051
249996632
250001605
249998158
250005598
249995562
250002921
249992122
250005984
250008656
249994973
249991197
250005847
249997292
250001510
249999382
250003541
249996005
250001737
249999594
249998955
249998766
250005143
249998677
249999560
249996401
250001959
250003163
249997560
250010226
249988612
249999497
250000297
250001469
249999448
249993852
250005358
249997443
250001696
250000297
249999901
250000914
249999826
249998649
250000347
249999811
249999806
250000146
249999973
249999969
249999453
250001168
249999287
249999925
249999635
249996695
250011399
249989528
250013971
249992272
249998630
249999838
250000441
250005033
249997980
249997920
250000664
249998643
250001898
249999323
249999360
249998775
250001298
250000646
250002518
249997831
249999952
249997220
250000777
250004948
249997632
249997086
250000313
249998407
249999560
250002421
250003475
249999202
249997956
249997501
250002007
250012022
249991108
249994997
250002983
249998436
250002880
249994904
250003315
249999203
249998918
249999279
250005146
249997419
249999184
249996628
250003341
250004065
249998520
249994226
250012340
249990147
250002124
249995997
250002746
249998818
249999568
249999122
250002681
249998821
249999273
249998127
250002017
250000709
249999595
249998050
250001089
249999835
249999561
250000142
250000920
249999108
250000543
249998684
250000775
249997513
250007064
249995562
250002838
249999277
249999209
249998364
250005129
249999357
249998030
249996456
250003372
250003881
249998040
249995473
250000104
250000050
250004735
249995756
250001741
249999960
249999432
249997313
250002930
250002168
249997715
249997556
250002813
249999747
250001606
250001482
249997316
250000052
249999277
250000025
250001457
249997217
250001237
250000017
249999668
250000808
250000230
250001488
249998469
249999066
249999034
250000234
250002437
249999037
249999733
249999175
249999559
249999756
250000974
249999457
249999824
249999965
250000294
249999255
250000731
249999693
249999989
249999637
249996581
249979963
250027869
250001049
249998887
249998198
249999839
249999585
250004921
249999230
249997872
249999149
249999548
249999698
250004289
249998901
249998495
249997289
250000990
249998106
250006797
249995856
249998744
250000245
250005629
249998829
249997379
249999165
249999926
249999239
250002333
250001460
249998318
249999086
249998548
250000854
250005800
249996452
249998265
250000440
249998895
249999324
250009746
249993650
249999106
249999419
249998163
250000553
250004211
249997427
249996612
249999899
250000716
250000688
250001237
250000793
249998386
249999376
249998964
250000442
250001024
250000311
249998759
249999859
249999647
249999308
250001870
249999189
249999873
249999827
249999561
249999527
250001235
250000479
249999592
249999357
249999066
249996214
250005180
249995180
250003886
250001764
249999890
249999866
250004635
249998559
249997986
250000445
249998598
249999968
250002702
249998852
249999563
249998858
249999202
250005946
249997792
249999477
249998265
249997927
250000139
250005538
249995740
250001870
249996186
250002644
249999254
249999244
250002473
250000303
249997613
250000805
249997543
250005754
249996688
250000783
249998925
249999411
250000403
250003943
249996182
250000199
250000102
249999209
249999208
250002966
250000522
249997671
249999069
249999888
250000318
250000416
249999403
249999448
249999364
250001001
250000327
249998993
250000546
249999740
250000582
250000008
249998879
250000583
249999817
249999945
250000550
249999700
249999571
249999946
250000110
249994958
250004816
249999942
249995975
250005674
250000995
250003591
253048620
246949313
249996827
250000001
249994803
250009893
249999257
249998737
250000188
249998727
249999578
250004555
249998381
249998980
249998327
250004200
249998287
249998884
249999033
249999544
249999987
250004368
249998491
249998806
249997755
250000494
250000402
250003811
249996556
249999236
250005127
249998255
249995142
250002329
249998569
250000642
250003509
249999480
249999133
249998950
249999531
249999505
250004569
249998672
249997397
249998769
249999919
249999931
250002079
249996894
250002353
249998632
249999617
249999913
250001290
249999493
250000657
249998223
250000182
250000907
249999664
249999224
250000081
250000006
249999553
250001041
250000028
249999280
249999547
249995381
250010258
249999582
249998116
250000348
249998246
250000900
250010944
249991319
249999713
249998204
249999349
249999006
250000770
250004433
249996570
250000535
249999317
249999202
250001279
250001721
249999257
249998952
249999351
249999148
249999941
250003628
249998818
249999344
249997803
250000846
249998622
250004679
249997941
249999352
249997939
250000982
249999387
250004069
249996852
250001180
249998207
250000217
249998781
250004504
249997653
250000510
249997585
249999441
249999857
249999505
250002320
249999583
249999512
249999873
249999394
250001306
250000053
249999131
249999858
249999607
250000298
249999838
249999873
249999842
250000224
249999324
250000619
250000172
249999748
249999278
250000780
249995484
250005272
250005393
249995310
250002858
249997004
250000336
249999201
250004787
249996297
250000879
249998072
250001052
250000404
250002324
250004059
249993504
249997601
250000352
250002454
250002309
249995818
249999845
249999509
250000130
250001536
249999786
249999512
250000411
249997933
250000618
250001215
250003896
249995963
250000452
249997904
250002937
249999704
249998722
250000490
250004728
249994361
250000822
249998969
250000140
249999416
250002321
249998494
250002265
249997409
249999626
250001721
250000944
249998209
249999745
249999168
249995658
250004836
250000235
249999744
250000476
249999491
250000018
250000943
249999405
249999577
249999879
249999916
249999998
250001609
249999202
249999848
249995850
250013248
249990616
250000810
250003331
249995702
250000866
249998690
250006746
249994182
250000074
249999547
250002474
249996895
250002227
249998350
250003258
249996781
250000142
249999684
250005707
249995127
249999545
249999240
250001648
249998589
250001880
249998978
250002557
249996692
250000288
249999082
250004603
249996744
249999473
249999674
250002041
249997549
250001740
249999658
250001986
249993705
250003451
249996778
250005462
249994137
250004020
249995770
250005497
250019848
249978797
250000969
250001549
249998853
249999329
250000628
250008336
249992020
249997670
250001814
249999716
249999341
250000136
250000665
249999207
249999802
249999351
249995615
250005322
249998975
250000511
249999644
249999751
250000092
249999685
249997123
250012848
249991114
250004815
249996627
250001706
249997654
249999995
249998310
250006755
249994729
249998407
250000459
250000321
250000800
250001933
249997091
250002492
249997252
250006874
250000461
249997007
250007599
249990358
249998560
250005892
249994910
250002203
249996554
250002498
249998324
250004870
249992824
250005207
250009219
249988240
250000028
250005238
249997904
249998805
249998594
249998040
250001741
250001011
250000254
249999586
249999358
249999885
250001062
250001006
249998633
249998854
249999240
249999429
250003166
249998917
249998436
250000646
249999920
249998943
250001528
249999422
249998732
250000700
249999522
249971082
250029641
249999799
249999005
250001367
249995700
250010211
249995691
250001476
250000196
249999129
249998647
250000461
250005423
249996920
249998075
249999331
249993059
250010026
249997514
250000726
249999285
249999704
249999096
250001800
250001549
249997288
249998307
249999848
250000116
250004996
249996739
250001243
249999211
249999490
249999955
250004227
249998523
249998183
249998540
250000398
249999898
249999294
250000559
250000406
250000364
249999508
250000138
249997720
250002949
249999004
249998943
250000976
250002466
249999970
249996832
250001115
249998674
250000291
249999454
250001082
250000501
249999388
249999386
249999460
250000469
249999890
249999731
249999704
250000502
249999336
249999839
250000560
249999162
250000764
249999637
249999709
250000575
249999384
249996826
249974479
250028744
250000408
249996595
249998389
250004449
250000319
249999960
250000292
249996521
250016671
249987663
250000980
249998084
250007879
249994510
250002264
249992365
250003285
249999972
250006984
250011007
249986352
249997665
250000095
249999583
250005037
249995464
250002384
249998506
249997069
249999411
250006349
249996115
249999621
249999597
250005608
249997612
249998418
249998672
249999795
249999618
250004152
250005195
249989959
250001615
249999618
249997478
250003670
250001763
249997884
249999105
249999679
249999574
250001888
250000293
249998806
249999285
249999660
249999037
250001326
249999943
249999478
249999247
249999830
250000426
250001746
249998437
250000461
249999554
249995209
250005418
250004829
249998230
249998213
250000187
250005473
249995599
249999968
249998898
250000158
249999394
250004193
249996735
250000227
249999177
249999468
250000322
250005145
249996149
250000536
249997032
250001561
249999336
250001675
250001337
249998885
249999227
249999409
249999651
250004406
249996887
249995732
250003575
250004572
249998315
249999260
249996787
249998860
249999850
250006511
249996242
249999598
250001037
249997911
250004973
249997670
249998517
250000022
249998813
249999883
250004263
249998272
249999046
249997910
250000201
249999775
250001907
249998920
250000331
249999083
250000090
249998977
250001236
249999155
249999758
249999569
250000625
249999333
249999767
250000508
249999904
250000218
249999930
249999887
249999397
249999748
250000277
249996184
250003791
250000274
249999517
250000724
249994773
250005375
250000218
249999866
250000289
249999394
250000425
249996366
250019143
249990237
249996588
250000990
249997391
250000923
250004664
249999153
249995967
250000343
249998135
250006430
249994676
250000917
249999535
249997646
250000577
250004745
249998858
249999180
249997744
250000763
249999382
250003328
249996526
250000949
249999525
250000221
249998247
250003094
249998437
250000207
249997964
250002428
249998840
249999651
249998906
250003189
249998616
250001916
249997315
250001679
249998444
250001778
249998359
250001430
249995795
250005375
250007308
249995060
249996498
250002185
249995292
250002826
250000307
250006608
249991193
250004376
249999017
249999218
249996171
250008738
249998330
249997058
249996129
250008770
249996489
250000582
249995194
250002306
249998777
250006745
249992521
250004437
249998869
249995402
250000209
250007826
250000668
249996339
249995153
250003479
250000100
250008328
249988379
250004025
249999772
249998916
249996027
250003186
250001297
249997849
249999709
250006265
249998211
249998224
249999853
249998524
250000053
250004241
249998735
249998079
250000345
249999413
249999194
250004271
249997164
250001407
249998299
249999144
249998891
250003595
250000266
249998103
249999293
249998722
250000023
250001620
250000351
249998413
249999539
249999682
250001986
249999027
250000276
249998943
249997134
250002325
250000350
250000352
249999482
250000074
249999384
250000327
249999647
250000313
250000147
249999391
250001107
249999442
249996177
250003767
249999521
249996529
250014816
249989500
249999581
250000390
249999497
250000621
249999441
249995104
250004445
250000193
249995988
250006657
250000163
249998485
250004192
249998611
249998235
249999704
249999476
249999700
250002032
250000351
249999211
249998419
249999881
249999974
250000460
250000293
249999842
249999786
250000136
249998138
250002912
249999777
250000180
249999379
250000499
249999909
250000136
250000411
249999634
249999297
249999958
250001308
249999744
250000738
249998703
250000181
250000528
249999191
250004017
249997482
250000290
249998372
250000331
249999200
250003366
249996934
249998167
250000497
250002007
249999633
250005715
249994810
250001654
249997632
249998837
249999924
250003288
249998212
250001094
249998803
250000242
250000972
249999987
249998851
250000350
249999472
249999683
250002416
249997975
250001101
249999084
250000370
249999439
249993316
250005966
250003039
249999166
249998925
250000158
249993310
250006962
250000099
249999138
249999349
250000403
249999953
250003791
249999975
249998697
249998875
249999325
249999610
250003043
249994644
250002156
249999534
250000192
249999671
250003011
249998609
249998605
250000059
249999619
249999970
250002215
249998556
249999778
249999185
250000768
250000878
249999950
249999588
250000781
249997473
250001283
250001901
249998201
249999424
249999699
250000306
250000299
249999148
250000955
249998621
250000890
249999548
249999619
249993787
250008908
249999495
249998783
249999698
250000164
250001215
249998159
250000358
250000830
249998521
250000536
249999819
250000694
249999172
250000434
250000146
249999480
249999853
249998903
250001056
250000003
249999716
250000156
249999853
249999827
249995166
250005463
250000309
250002535
249997864
250000212
249999119
250000514
250000277
249999504
250000141
250000200
250000420
249998979
249999970
250000371
249999552
249999602
250000316
249999671
250000771
249999350
249996490
250018986
249986553
250000010
249997979
250004473
249997724
250000132
249999519
249999825
249999380
250003426
249997570
249997770
250001771
250000492
249999603
250002258
249998501
249998400
250000853
250000858
249997899
250004977
249996035
250001825
249997404
250001061
249984461
250015031
250012132
249990255
249997330
250001046
249998894
250000058
250006160
249998016
249996192
249998798
249999854
250000330
250003238
249999858
249998597
250000074
249999428
249999816
250000116
250004512
249995601
250001095
249997618
250001093
250000114
250002229
249998814
249999486
249999531
249999225
250000180
250002101
249997744
250001641
249998807
249999642
249998130
250003366
249999648
249999274
250000417
249999629
249999466
250000279
249999804
250000281
249999291
250000458
250000248
249998337
250001379
249999812
249999280
250000674
250000091
249999669
249999437
249999999
250001227
249999036
249998806
250001105
250000375
249999562
249999627
249996143
250004638
250001172
249999177
249999418
250000641
250000536
249999804
250000304
249998486
250001906
249998377
250000398
250000180
249999451
250000385
249999691
250000123
249999880
249999930
249999388
249996294
250005847
249999874
250000297
250001248
249999724
249999096
250000077
249999149
249999202
249999756
250001338
249999927
249999459
249999869
249998639
250002109
250000148
249999862
249999961
249999248
249999502
249999997
250000926
249999974
249999978
249999658
249999484
250000128
249995743
250027028
249979256
249998879
250000272
250002296
249999235
249999873
249999671
249998735
250000806
250001015
250000140
249998960
249998803
250001022
249999857
250002035
249999987
249998732
249999654
250000277
249999723
250009854
249991428
249998878
249999987
249998845
250001357
250001005
250000063
249998492
249999578
249999638
249999041
250002740
250000038
249998794
250000020
249998758
250000268
250000526
250000325
250000235
250008069
249992538
250000546
249998382
250000151
249999057
249997143
250001724
250002484
249999619
249998762
250000481
250000512
250001081
249999711
249997084
250001366
249999253
250000320
250002391
249999681
249999079
249999208
250000860
249999413
250000851
249998652
250000415
249998847
250000337
250000698
250000396
249999259
250000166
249999954
249999862
250000527
249999623
249999882
250001137
249999481
249999387
250000596
249999220
250000482
250000056
249999465
250000012
250000484
249999443
250000012
250000144
249998997
250000811
250000383
249994208
250005174
250000123
249999979
249999703
249999991
249999157
249995783
250006957
250000170
249999910
249999495
249993796
250007696
250000029
249996972
250001840
249999629
249999837
250001625
249999347
250000448
249999124
250000193
249999576
250002349
249998897
249999094
249998672
250000019
250001069
249999158
249999496
250001359
249998989
249999809
250000157
250000912
249999520
249999032
250000221
249999208
249996509
250004385
249999395
249999854
249996435
250001372
250004116
250002246
249999311
249999983
249995634
250001643
250001411
249999021
250001636
250000534
249999395
249999437
249999489
250003496
249998188
249999642
249999092
250000619
249999046
250002899
249997326
250001782
249998359
249999761
250000736
249999464
250001821
249997622
250000474
250000360
249998942
250001302
250000754
250000131
249998692
250000166
249998827
250000731
249999004
250003215
249997556
250001542
249998264
250000744
250001294
250000573
249998266
249998637
249999494
250001988
249999842
250000462
249998155
250001171
249999253
250000373
249999978
250001472
249998219
249999864
249998769
250000768
250011342
249992141
249996882
250000425
250000344
249998751
250000133
250003128
249997732
250000066
249999845
250002765
249996964
250001943
249997772
250000842
249999466
250000478
249998990
250001310
249999019
250000335
249999544
250000612
249999143
249999740
250000183
250000361
249998827
249999982
250000886
249999898
250000136
249999755
249999429
250001185
249999353
249994471
250005530
249999854
250003962
249999959
249997504
250000316
249999921
250007684
249993281
250000579
249999010
249999606
249998407
250001178
250000006
250003658
249996682
250000354
250000162
249999546
249998919
250002137
249998123
250001250
249998943
249999869
250001096
249999100
250000896
250000320
249999195
249999598
249999603
250001359
250000118
249999453
249999072
250000571
250000589
250007410
249991426
249998467
249999997
250002698
249998932
250000902
249999366
249998322
250000074
250001867
250001556
250000590
249997819
250000011
250000945
250004727
249995016
250001127
249995530
250003444
249997894
250005592
249996758
250000818
249997448
250000881
249999469
249999928
250001322
249997652
250001706
250000114
249997062
250005320
249998566
249999517
249997991
249999116
250001297
250000405
249999542
250002620
249998456
250000143
249998282
250001401
249999276
249999877
249999944
250001723
249998372
250000208
250000581
250001281
249997653
250001819
249998334
250001070
249999713
250004926
249995196
250000975
250010512
249989077
249999084
250003631
249997940
249997919
250000052
250001070
250004319
249998912
249995307
250001874
249999297
249999695
249999431
250002585
249997572
250000837
249997498
250002350
249998948
250000949
249999826
250000190
249999593
249999390
250000906
250000176
249999885
250000192
249998694
250000268
249999956
250000023
249999676
250001380
249998906
250000434
249998766
250000355
250000414
250000775
249999086
250000283
249999520
249999392
250008741
249991640
250000104
250002539
249998860
249999955
249999483
250002055
249998330
250000254
249998848
250001307
249999004
250001227
249998208
250001991
249998609
250001011
249999729
249999625
249999910
250000573
249998613
250002292
249996956
250002057
249999477
250006965
249992391
250001770
249997689
250005072
249996028
250001639
249997180
250002426
250007472
249995333
249995078
250000589
250000118
250000837
249997655
250006307
249995122
250001681
249996770
250004713
249996325
250003179
249996109
250002658
249998204
250006141
249993646
250003073
249997650
250001312
249996442
250002603
249999701
250003011
249995535
250002961
249997950
250004639
249994726
250002930
249997893
250001872
249996591
250002102
250000070
250001147
249997190
250002309
249998936
250000257
249998653
250000805
250000640
250000785
249996873
250002940
249999209
250001713
249996882
250003245
249997752
250001308
249997448
250003990
249997199
250003088
249995717
250002321
249998324
250005801
249992997
250001291
249999676
250001882
250006177
249996211
249996172
250002485
249999071
249999776
249998662
250004267
249997542
250000249
249998060
249995982
250007388
249999014
249997577
250001513
249999146
249998954
250001081
250002577
249997571
250000035
249998954
250001252
250000616
249999186
249999479
250000140
249999458
250000170
249999492
250000473
249999531
249999970
249999557
250000693
250000621
249999501
249999768
249999982
249999766
249995414
250005301
250001733
249998639
250000533
249999500
250002043
249998998
249997676
250000984
250000899
250001394
249999878
249997672
250001445
249999371
249999403
250008631
249993397
249998323
249999627
249999191
249999827
249996804
250004111
249998470
250001456
249996433
250005240
249997925
250005749
249997220
249999516
249997875
250001290
249999849
249999469
249999723
250002819
249996601
250005919
249991306
250006247
249998854
250000349
249994306
250011173
249997542
249998435
249991751
250006422
249998916
250005376
249989750
250007510
249997835
249998196
249995783
250011564
249998502
249998168
250015071
249983343
249999283
250005106
249999291
249998596
249995511
249999998
250002725
250002528
249997416
249999728
249998880
250000550
250004779
249993402
250002820
249999646
249999697
249999307
250001692
249999607
249999149
249999325
250012333
249991029
249998828
249997104
249998859
250000284
249995905
250007267
250000484
249999100
249999580
249997332
250006728
249998046
249997365
249999248
250000189
249999896
249999465
250001452
249999706
249999746
249999955
250002350
250001041
249999347
249998894
249998415
249998450
250003581
249998694
249998952
250000173
250000330
249999501
250002469
249999298
249999897
249997898
249999281
249999914
250001282
249999420
250000338
249999919
249999577
249999804
250000574
250000537
249998857
249999874
249999508
250000005
250000813
249999817
250000469
249999563
250000297
249999738
250000272
249999695
250000131
249996119
249990441
250012801
250000226
249995067
250005759
249999689
249999262
250000373
249999882
250000946
250000009
249999734
250000709
249999256
249999193
250000777
250001818
249999638
249999778
249999323
250000227
250005178
249996445
250000467
249999052
249999154
250000644
250005336
249993548
250003386
249998231
249999365
249999507
250003581
249996000
250001260
249999793
249999100
250000305
250002900
249999282
249999640
249999379
249998863
250000214
249999462
250004750
249998311
249995658
250002132
250000370
249999159
250002826
249998512
249999246
249999561
250000178
249999846
250003658
249999023
249998048
249999635
249999958
250000451
250002853
249997190
250001901
249998417
249996245
250002658
250001595
249999309
249999495
249999359
250003899
249998607
249998495
249999046
249999982
250000501
250003303
249998662
250000038
249995652
250005501
249994823
250000723
250001024
249998460
250001951
250003829
249997973
250000021
249997530
249999824
250000682
250001512
250000016
249998648
249999584
250000479
250003938
249998513
249998506
249999311
249999106
249997451
250005802
249995240
250000080
250000863
249999266
250000661
250001824
249999556
249999878
249999013
249999331
249999938
249999977
250000417
249998484
250001113
249999899
249999342
250000454
249998691
250000941
249999692
249999926
249999937
250000188
249999621
249999826
250000811
249994329
250007601
249999650
250000075
249999468
249998752
250000248
250000000
249999866
250000017
249999633
249996687
250004166
249967451
250034110
249994705
250003751
249999983
249999599
249996426
250004661
249998826
250000380
249995098
250004358
250000511
250000211
249995161
250003325
249997514
250004484
249990462
250012425
249997541
250000907
250007104
249991614
250000056
250002365
249997117
250001432
249994474
250004502
250012667
249991378
249995460
249999630
250004160
249998721
249999921
249999085
250000031
249999847
249998763
250003854
249998530
249999975
249999480
249999093
250006285
249991638
250005573
249997052
249999940
249999496
250003031
250000321
249998342
249999205
249999490
250000018
250006125
249998451
249993832
250003304
249997308
249999200
249994660
250006785
250001341
250000374
249999185
249999379
250000238
249999246
250003667
249995210
249999568
250006727
249998618
249998489
249998494
249998275
249999032
250003411
250000378
249999539
250000158
249998329
249999558
250005770
249999683
249996868
249998739
249999936
249999050
250000422
250000629
249999669
249997817
250000815
249998490
250002452
249998676
249998622
250001610
250001660
250001345
250000048
249998589
249999652
249997813
250001704
250000870
250000042
249993757
251796476
248208333
250003280
249996951
250002862
249998671
249999144
249998433
249999337
250002465
250000195
249998898
249999840
249998468
250000220
249997173
250004668
249998107
250001652
249998361
249999636
250001049
249995928
250004191
249999685
250000317
249994508
250004886
249996579
249980843
250023703
250001116
249997561
250000601
249996734
250004466
249998884
250000901
250000512
249999305
250000127
249998950
249999698
249999998
250001786
249998802
250000184
250000027
249996127
250003523
250003918
249998506
250000249
249999813
249998814
250000557
250003864
249997364
250001193
249998330
249999347
249999915
250005814
249998609
249996916
249998857
249999409
249998374
250003986
250001420
249997904
250000047
249996594
250003929
250000957
249999356
249998121
249999753
249999992
250002811
250000011
249998125
250000002
249998086
250072000
249931641
250000426
249995097
250001633
250002874
250000049
249998597
249995055
250000903
250000012
250005544
249999787
249996449
250001352
250000178
249997874
250000753
250001417
249996736
250001582
250001299
249999318
249998489
250006735
249996708
249999424
250000113
249999475
250000278
249998984
250000744
249998293
250004192
249995539
250002392
249999657
249998004
250001807
250000394
250001739
249999940
249998079
249996320
250001162
249998981
250003599
249999522
249996889
250004568
249999361
249997439
250000729
249998120
249997105
250009428
249996795
250001491
249999146
249998466
249997219
250005129
249999971
249996077
250001934
249999663
249999025
250003051
249999212
249999528
249998910
250000216
249996609
250000107
249999239
250004878
249998947
250000644
249998722
250001100
249999145
250001189
249999194
249999239
250000057
250001309
249997822
250001450
249999541
250000512
249999132
249999502
250000215
249998698
250001361
249999356
249999201
250000925
250000371
249994875
250005609
249999940
250000899
249994292
250004861
250000379
249999368
249999434
250000530
249999547
249996929
250016547
249988043
250002124
249999343
250000319
249999271
250001213
249998126
250000246
250001792
249997041
250001405
249998170
250002385
249999182
250001931
250000347
249998764
249999095
250000180
249999744
250001788
250000784
249998734
249997022
250001662
249998010
250001712
250001888
250000502
249999103
249994349
250002838
250011841
249991916
249995129
250001454
249997316
250000961
250001341
250001053
249999293
249999135
250000397
249999218
249998394
250002284
250002751
249999402
249999785
250003976
250000164
249993570
250003459
249996665
249996128
250001245
250008734
249996042
249999943
249998060
250001662
250002460
250000156
249998074
250000465
249998736
249999854
250000912
250002529
249996736
250000768
249997819
250000563
250001161
250001840
249997003
250001616
249998198
250000385
249999286
249999985
250000081
250000025
249999695
249999937
249997685
250002895
250012970
249987176
249999448
250000197
249996202
250003389
250000236
250000296
249995866
249998185
250006813
250002956
249999079
250000247
249997328
249999299
249999851
250003722
250000011
249999553
249998512
250000000
250000512
250001138
249993326
250005179
250000021
249999588
249999256
250000633
250001851
249999289
249998116
250000489
249999964
250000270
249998378
249999967
250000783
249999217
249999716
250000480
250001095
250000725
249995567
250004364
249998634
250000597
249999591
249999787
249999887
250000167
249998554
250001174
250000199
250000086
249998520
249997058
250005863
249999905
249999213
250004246
249998535
249998581
249993734
250005511
250013165
249989619
249995665
250002989
249999389
249999856
250005140
249996070
250000614
249999440
249995826
250003004
249997095
250005203
249995354
250001816
250000586
249999595
249993283
250010345
249998843
249998184
249996703
250002710
250000243
250003328
249993461
250003785
249999478
250000110
249995816
250005562
250003573
249995459
249993052
250006849
249999713
250003336
249997626
250001181
249998801
249999164
249999508
250005573
249998934
249997896
249998750
249999590
249999245
250006085
249997366
249995477
250002698
249999197
249998771
250005557
249998017
249996964
249977334
250022988
249999631
250005000
249997788
249997107
250000758
249996457
250002059
250009413
249994481
249998497
249999207
249998413
250000283
249999627
250002894
249996542
250000181
249998034
250010181
249991007
250001842
249999271
250000097
249999501
249999553
250000617
249999692
250000198
250000043
249999604
249999276
250000307
249999859
250000321
249999191
250000342
250000326
249998586
249996398
250009284
249998668
249999100
249999248
250003524
249998572
249999144
250000423
249998075
250000149
250002756
249997904
249999698
249999715
249999975
250001159
249998949
249999397
249995101
250004912
250000235
249999450
250000545
249999910
249999528
249999914
249999910
250000113
250000517
249998669
250000496
250000367
249998454
250001118
249994899
250007645
249999715
249999218
250100421
249901127
250000726
249998851
249999985
250002549
249998079
249996102
250002720
250000041
250004321
249998781
249998090
249998733
250000389
249999712
250003017
249999374
249998146
250003593
249997586
249999671
249999282
249998894
250000743
250004069
249997338
250000772
249997724
250000175
249999614
249999630
250003522
249998113
249997914
249999498
249999733
249999252
250005578
249998934
249998476
249999232
249999742
249999915
250003786
249998029
249999445
249999981
249999396
249999334
250001440
250001764
249999354
249998557
249999349
249999596
250003169
249999131
249995379
250001522
249998987
249999613
250017025
249987882
249998341
249999309
249998040
250001204
249999425
250001549
249999349
250000265
249999158
249999653
250000567
250000660
249999224
249999361
250000257
249999976
249999720
250000518
249999739
249999275
250000053
249999518
250000643
250000100
249999176
249999405
250001353
249999637
249999456
249995332
250008222
249999141
249999689
249998284
250000398
250002372
249998905
249999409
250001522
249996936
249996383
250005371
250000488
250000657
249999236
249998546
250001521
250000412
249999798
249997997
250000345
250001968
249998258
250000795
249999362
249999539
250000577
249998770
250000423
249999463
250001296
250009106
249990567
250000147
249999654
249999739
249999974
249999772
249996350
249966650
250037464
250000173
249999181
249997422
250005320
249999186
250001279
249992067
250009060
250000410
249997097
250000242
250003813
249999480
249998128
249999070
249999484
250000375
250002973
249998736
249998747
250000568
249998313
250000603
250003988
249998431
249998724
249997511
250001250
250000227
250015905
249986564
249999455
249998133
249999434
250000503
249999194
250002795
250000664
249997546
249999670
249999525
250000718
250003879
249998511
249998644
249998968
249999965
249999890
250002543
249999611
249999461
249999238
249997230
249999699
250005448
249998595
249999554
249996069
250003123
249999599
250004403
249994047
250002801
249998525
249999573
250000697
250003126
249998339
249999488
249999027
249999936
249999548
250003878
249997991
249998891
249999454
250000095
250000175
250000861
250000264
249999733
249998465
249999878
249999797
250002499
249998794
249999730
249998522
250000705
249999347
250001456
249999969
249999428
249999269
249999964
250000521
249999977
249999945
249999432
250000205
249999857
249999658
250000461
249999316
249999867
249999654
250000925
249999826
250000186
249998906
250000601
249999575
249995918
250004297
250003220
249998958
249999367
249999610
249999188
250004378
249997618
249999542
249998894
249999786
250000253
250001563
249998875
250000043
249998975
250000214
249999494
250001247
250000113
249999176
249999925
249999432
250000500
249999656
249999967
250000241
249999456
250000825
249999510
249995701
250008586
249998997
249999528
249998934
250005323
249997813
249998347
249999356
249999439
249999889
249999745
250003055
249998326
249999717
249998200
250001099
249999696
249999198
250000863
249999739
250003696
249998751
249998756
249999860
249999469
249999834
250003522
249998766
249998880
249999459
249999062
250000955
250000232
249999562
249999499
250003443
249999394
249997993
250000115
249999388
249999611
250003559
249999470
249998392
249996324
250006627
249999009
249995323
250002236
249999305
249997675
249995273
250005832
250003292
249998037
250000047
249998990
250000728
250002944
249999944
249997695
249999677
249999376
250000122
250002235
249999786
249998464
250000224
249999750
249999464
250003808
249997146
249999886
249998489
250000777
250003046
249999230
249998578
249999693
249998478
250001005
250003037
249997693
249999827
249998407
249999676
249999778
250000296
250000920
250000147
249998194
250000430
250000275
249999977
249998931
250000815
250000515
249999684
249999952
249999705
249999914
250000752
249999212
249999825
249999965
249999846
250000507
249994783
250007588
249998648
250000479
249999622
250003454
249998145
252848199
247151104
249999639
249999290
250002012
249999297
249999141
249999527
249999818
249999961
250000409
249999722
249999814
249999622
249999732
250000151
249999182
250000474
250000046
250000830
249999549
249999513
250000240
249999917
249995991
249998526
250007617
249998002
249999906
250001947
250002358
249996640
250001180
249997014
250002097
249996533
250006597
250008977
249988863
249999016
250000762
250003120
249998980
249998088
249999442
250000010
250012777
249988236
249999894
249998197
250000235
249998873
249995573
250008824
249999475
249997567
250001496
249999132
249999932
250000048
250001116
249998785
250000170
249997966
250001451
250003291
249998826
250010464
249988149
249999822
250004108
249997744
249998277
249999662
250000179
250003614
249998175
249999583
249998912
250000133
249999363
250003849
249996589
249999840
249999249
249999438
249999554
250005198
249999178
249998329
250000389
249998803
250000215
250002094
249999715
249998413
249999588
250000337
250000181
250001116
249998545
249999882
250000580
249999403
249999308
250003291
249999770
249999005
249998893
249999159
249999682
250005046
249998183
249997179
249999857
249999722
250000271
249999179
250001361
249999125
250000390
249999682
250000244
250001254
250000595
249998784
249998863
249999790
249999285
250002791
249999763
249999572
249998420
249999368
250000708
250000069
249999845
250000124
249999547
250000317
249999362
250000491
249999738
249999845
249999344
250001257
249999459
249995648
249972889
250032739
249999415
249999641
249999285
250001608
250000043
249998745
249999838
250000884
249999478
250000642
249998038
250001296
250000108
249999423
249999899
249999786
249989872
250013512
249997407
250001620
249999847
250003444
249997042
249999897
249999113
250000407
249999820
250003461
249997768
249999683
249998746
250001009
250005422
249996219
249998853
250000037
249999191
250000118
250001306
250000352
249999129
249999818
249998987
250000137
250004890
249998477
249998237
249998608
249999826
249999186
250001631
250000292
249998974
250000233
249999369
249999818
250003196
249998980
249999789
249999206
249999872
249999555
250004883
249998909
249998923
249998107
249999898
249999390
250003703
249998302
249998098
249998846
250001217
249998490
250004429
249998501
249999991
249998613
249997941
250001608
250004199
249999778
249998152
249999000
249999774
249999187
250004303
249999052
249998610
249998591
249999923
249997524
250006017
249998774
249998177
249999328
250000192
249999885
250003477
249999598
249997025
249999576
250003707
249997477
250000591
249995787
250001642
250000185
250002954
249997993
249999260
249997749
250002085
249999334
250003009
249998172
250000021
249999143
249999829
250001644
250000465
249998308
249999321
250000203
249999417
250000999
249999683
249999833
250000088
249999191
250000057
250000829
249999072
249999665
250000340
250000288
250000401
249999424
249999356
249995475
250006328
249999480
249999971
249999876
250000823
249998922
250000230
249999170
250000406
249999930
249999788
249999942
249999670
250000264
249999914
249996795
250031737
249976206
249997721
249998677
250000423
250006690
249995993
249997590
249998592
250000667
250001443
250000265
250000959
250000532
249998608
249997975
250000969
250005940
249998550
249994643
250002442
249999604
249998623
250000463
250004464
249998213
249998528
249996730
250001753
250003564
249998716
249997174
250000737
250001007
250002265
249995400
250002811
249999786
249998980
249997309
250007084
249998394
249998605
249995853
250003382
249998681
250005467
249993325
250003877
249998059
250000382
249996472
250008565
249996710
250000389
249995243
250002405
249997634
250006692
249994645
250002734
249997777
250000547
249996617
250007587
249995931
250001677
249995724
250005104
249997038
250003247
249994243
250002529
249997702
250004474
249995985
250003124
249997470
250001643
249997036
250006828
249995373
250002814
249992462
250003203
250010513
249994703
249994160
250004577
249996075
250001867
249998858
250005824
249991340
250005273
250008944
249989584
249999651
250004867
249997781
249999583
249998561
249999765
249999393
250004431
249998342
249999077
249998765
250000201
249998995
250004003
249998241
249999820
249998101
249999667
249998144
250005861
249997934
249999100
249999247
249999598
250010141
249991492
250000823
249997634
249999672
249999747
249999920
250000431
249999802
250000370
249999434
249999369
250000266
249999892
250000775
249998851
250000582
249999874
249995390
250009244
249998615
249999063
249998933
250000432
250003818
249998584
249998459
249999738
249999456
250000710
250001601
250002063
249997366
249998592
249997938
250001616
250002834
249996398
250001264
250000034
250000488
249998077
250011450
249992564
249999576
249999525
249996715
250001972
250007173
249996064
249994517
250003176
249997218
249999779
250004184
250000506
249999107
249998797
249999252
250000229
249999803
250003711
249997790
249999233
249999463
249999039
250000113
250002366
249999661
249999148
249998723
250001018
249999619
249999570
250003474
249999607
249999233
249999280
249998662
250000008
250005031
249996319
250000987
249998153
250000418
250004084
249997021
249999296
249999168
249999359
249999853
250004104
249994462
250002885
249998521
250000652
249999343
250002192
249998785
250001022
249999229
250000275
249999051
250004590
249996793
250000129
249998363
250000617
249999533
250004029
249997372
249999534
249998550
250002987
249998858
249999379
249998899
250003601
249995521
250002324
250000183
249999662
249998607
250000141
249999293
250003710
249998022
249999412
249999422
250000219
249998835
250003484
249999565
249998715
249998611
250000604
249998660
250003636
249998013
249999577
249998553
250000381
249999100
250002773
249998635
249999957
250000079
249999850
249999928
250000116
249999749
250000133
249999809
249999138
250000556
250000257
249999108
250000694
249995927
250005031
250001122
250000458
249999101
249999271
250000351
250000019
249998175
250002188
249999642
250004367
249998502
249998924
249998730
249999791
249999476
250005071
249998408
249999200
249998442
249999459
249999933
250014628
249990042
249997975
249998530
249999159
249996754
250017428
249987365
249998945
249999071
250000272
250000323
249998511
250005131
249998518
249998323
249999386
250000095
249999625
250001093
250000855
249999785
249998593
249999818
249999439
250005075
249998427
249998682
249998858
249999480
249997737
250006411
249998836
249998047
249999830
249999306
249999904
250004167
249998589
249997514
250000145
249999384
250004030
249997659
249999319
249996221
250002748
249999454
250001119
250000242
249996741
250002163
254461849
245538835
250002949
249998412
249999138
249998622
249999757
250000443
250000945
249999366
250001166
249999170
249999499
249999048
250001739
249999949
250000791
249999231
249999385
249998563
250001359
250002496
249998410
249999067
249999960
249999089
250000839
250001081
250000580
249998638
249999730
249999322
250000597
250001139
250000728
249997806
249999322
250000303
250000206
249999894
249999600
249999541
250000083
249999324
250000581
250000076
250000366
250000068
250000522
249999088
249999838
249999963
250000379
249999302
249999520
250000600
250000358
249999491
249995729
250000776
250005012
249998680
250001691
249998521
250000496
249998990
250002017
250000203
250000208
249999378
250002414
249996450
250002877
249996383
250002506
250014667
249986773
249999628
249997590
249999298
250000072
250001606
249998937
249999592
249999549
250005801
249996667
250000751
249999952
249999321
249999398
250003746
249998724
249995989
250000199
250001268
250006267
249996968
249998658
250000017
249999299
249998939
250010085
249992403
250000100
249997656
250000283
250002581
249997755
249999312
250000745
249999479
250004565
249999276
249998088
249997621
250000135
249999755
250001650
249999489
249999389
250000167
249999493
250005631
249998908
249997516
249998799
249999779
249999652
250004181
249999273
249999165
249997959
249999754
249998664
250007272
249997066
249999054
249997953
249999526
249999254
250004840
249996428
250000401
249998143
249999300
250000134
250006942
249996097
249998779
249998712
250001043
249998743
250005245
249996726
250001009
249997606
250000858
249998256
250005949
249995211
250001871
249997274
250000530
249998750
250004180
249996959
249998857
250000483
250000563
249999887
250004667
249991742
250004139
250010200
249990105
250002645
249996345
250000955
249998956
250000016
249999771
250003136
249998803
249998720
249998962
250000339
250008794
249992285
249999874
249999638
249999027
249999846
250000484
250000232
249999797
250000041
249999511
249999175
250000763
249999934
249999933
250000741
249998979
249999757
250000172
250000238
249996723
249998871
250000121
250003483
250000472
249999902
250000725
249995521
250009205
250001131
249999031
249997438
249998873
249997473
250006711
249999335
249997912
250000068
249998682
250000781
250004540
249998210
249992275
250006995
249997853
250000230
250001590
250001485
249998161
249999221
249999423
249999585
250005249
249997456
249998042
250000245
249999326
249999676
250001474
250000737
249999322
249999823
256539104
243460472
249999312
250001737
249999639
249998611
249999687
250006992
249993839
250001279
249999360
249999259
249999474
250000243
250003590
249998388
249998194
250000705
249998394
250004757
249996100
250001814
249998051
250000598
249999976
250001962
250000560
249997978
249998808
250000524
249999296
250004082
249996425
250000268
249998111
250000939
249999868
250004888
249998837
249996730
249998745
250000900
250013872
249990530
249996481
249999195
250000053
250000206
249999548
250000031
250000190
249999176
249999248
250000714
250001204
250000797
249998721
250000692
249999898
250001766
249997693
250000680
249998127
249998899
250000368
250003877
249995927
250002854
249999345
250004829
249996729
249998051
249999626
249999882
250000673
249999970
249999092
250000286
249999601
249999905
250000511
249999572
250002244
249998416
249999136
250000324
250001204
249998116
250000415
249999714
250000291
250000431
249999642
249999253
250001144
249999517
250000433
249999525
250000073
249999513
249999561
250000928
249999961
250000078
250008506
249990829
250000888
249999329
250000546
249999712
250000304
249998841
249996095
250004973
249994215
250005619
249996091
250008887
249996014
250000953
249999506
250002463
249998385
249999426
249999860
250014726
249984928
250002758
249998168
249999666
249999535
249997797
250003225
249999156
249999106
249999594
250014273
249991132
249998375
249998560
249999574
249999405
249999768
250003045
249997957
249996236
250003212
249999460
250000539
250001920
250000625
249997112
249999871
250000177
250000517
250000636
250001295
249998769
249999077
249998652
250001256
250005430
249997731
249995319
250002230
249999564
249999615
250000134
250000888
250000455
249999382
249993858
250005925
250002210
249999562
250010025
249988263
249999354
250000550
250002110
249998168
249999685
249999719
250000386
249999716
250002507
249998972
249999666
249998258
250000716
249999801
250001408
249998475
250000882
250000345
249995468
250000347
250002706
249998892
249999168
250000571
250006157
249998578
249999145
249995590
250002046
249999098
250004022
249997810
250000108
249999831
249998776
250000022
250002589
249999638
249998237
249999712
249999258
250000397
250003809
249997415
250000828
249999323
249998371
250000004
250003787
249999061
249998697
249998790
249999921
249999148
250012424
249988639
249999324
249999241
250000004
250000053
250000627
249999234
249999952
250000477
250000021
250000458
249999154
249999635
250000779
249999787
249999874
249999213
250000032
250000645
250000248
249999825
249996815
250002751
250000523
250000235
249999541
249999715
249999845
250000109
249999820
250000215
249999936
250000607
249995581
250009803
249996730
249999236
249999095
250002592
250000576
249997236
249999853
249999705
250001055
249999190
249999602
250002269
249999360
249999805
249998168
250001901
250001927
249997854
249997911
250001939
250000024
250000528
249998914
250001410
249998972
250000659
249997216
250004694
249999541
250011355
250002747
250006533
