249924292
250047765
249999276
249999131
249998119
249999642
249999443
250000070
250003844
249999298
249997993
249998904
250001081
250000095
249999786
250003909
249999905
249998801
250000189
249999283
249998727
250000018
250009920
249991403
249998600
249999684
249999991
249999641
249998120
249999447
250022849
249997817
249988216
249992190
249999954
250004226
249997055
249999045
249999447
250000333
249998087
250000790
250004237
249998877
249998514
249998620
250000392
249999628
250010756
250010649
249989000
250000014
250007036
249983639
249999557
250027393
249993688
249996640
249999753
249978123
250009284
249998615
249996436
249999878
250000958
250012269
249990742
249998307
250003298
249997277
250022660
249987283
249988336
249998854
250004155
249999386
250000163
250022217
249975460
249998980
250000266
250002897
250030666
249976572
250012417
249980669
249995945
250021028
249992830
250008521
249986835
249994084
249999690
250000170
249999564
249999158
249999591
249999835
250000261
249999427
250003195
249998351
250034792
249989083
249976514
249999515
249999166
250003869
256052218
243942558
250001735
250003472
250009760
250013311
249993860
249994383
250005726
249979819
250000785
249997666
249998766
249999234
250001073
250000211
249999691
250011854
249992325
249998985
250006352
250012871
249981210
249999553
249997474
249999192
250002028
249999444
250000267
249999071
250006463
249995360
249998350
249999638
250023276
249980420
249995648
250026522
249997819
249996304
249998412
249981951
250004683
249997543
250008632
250014357
250003369
249971823
250004372
250017490
250001523
249996427
249985620
250014581
249981704
249998438
249999885
249999744
250001266
250001518
249998852
249999435
249999956
249999454
250004352
249998226
250021742
249976931
249998851
250025365
249997686
249998139
249998528
249980364
250024741
249999024
249989088
250008065
250040181
250001042
250022075
249986840
249998313
250004966
249987902
249998875
249999718
250006064
250016503
249997366
249981114
250003034
250000454
249997290
249998714
250003541
249999150
249999513
249997826
250000280
250000422
250024220
249981841
249998868
249996696
250000569
250007869
250011648
249983873
250013656
249983056
249998593
250001985
250021063
249986704
250010779
249982779
249999215
249998796
250002607
249996818
250020183
249976219
250001849
250010110
250024098
249982903
250002888
250001199
249981155
250002053
249998845
249997736
249999594
249999404
250000837
250001010
250002072
249996720
249999816
249999944
249999884
250002045
250001573
249997959
250024065
249994805
250003922
250000109
250002062
249990807
250003168
250041327
250012732
250008586
249985047
250010705
249990465
249994208
250003029
249997939
249999539
249997781
250000125
250000069
250000031
250000048
250033329
249988486
249985823
250012439
249980130
249999087
249998447
250026859
250007704
249986792
249982372
249998875
250000340
250000154
249999505
250000437
250024039
249979073
249998268
250003302
250018603
249997496
249986460
249993080
250003606
249999906
249998316
250002636
249998170
249998518
249998973
250000342
249998627
250004967
249998208
249998525
249999288
249999039
250000231
250005126
249996720
250031205
249967964
249999947
249999877
250004139
250011339
250008257
249995564
249980257
249998801
250001215
249999547
250019352
249992927
249987749
249999937
249999478
250000769
249999418
250026702
249988856
249981433
249966336
250037079
249999981
250004384
250021908
249972778
250000777
249999770
250011317
250000661
249996499
249992853
249999395
250023887
249999989
249984196
250022046
249977662
249993295
249999111
249999482
250010623
250014682
249983221
249992764
249999902
250022421
249997825
250008506
249978673
250010898
249985819
249997809
249998897
249998758
250000446
250012897
249986669
249998563
250000159
250004184
249999589
249997157
250005845
249997644
249998474
249998767
250011346
250012483
249996888
249979498
250024856
250001169
249996180
249998258
249986083
249992705
250012039
249999437
250010701
249997773
250041682
250002740
249999282
250020884
250001593
249995271
249983320
249999528
249998091
250000411
250000093
250033447
249997287
249969129
250002468
249997524
249999871
250001907
249999762
249998060
250000232
249999367
250004322
249998517
250020530
249976649
249999863
250002867
249999540
249997588
250022629
249994758
249987064
249998664
249999059
249999544
249998352
249998884
250001762
249999886
249999468
250011093
250014198
249996642
249999212
249980399
249999196
250012893
250012971
249983616
250010565
249984188
249998918
249998682
249998341
249999395
249999928
250026766
249976174
249997823
250000161
250024703
249998920
249984436
249992003
250002623
249998540
249998147
250001315
250023091
249976696
249999405
249999490
250002055
249997969
250000012
249999792
250002103
249997764
250000333
249999591
249999556
250000911
249999730
250008669
249990948
250000068
250020507
250003946
249998145
249976849
249999844
250012132
249991088
250006420
250009758
249982031
250001364
250011294
250012061
249997406
249992019
249993462
249992560
250845949
249154616
249996634
250000508
249999941
250000119
250000611
250002928
250000249
249999091
249997602
249999388
250000327
250004007
250001477
249994807
249999545
250000118
250000118
250000899
250002410
249998127
250000507
249998640
249999837
249999556
250003767
249999174
249998725
249998416
250001866
249998560
250003254
249999011
249999232
249998812
249999345
249999971
250002935
250000177
249998524
249998607
250000506
249999523
250004147
249997712
250000876
249997189
249999742
250004135
249996362
250000316
249999490
250000693
250000386
250002122
249997398
249999693
249999837
250000714
250004536
249996488
249998984
250003640
249998770
249998517
249998970
249999650
250000327
249999930
249999955
250004401
249997711
249997968
250000789
249999725
250002959
249999102
256022850
243975454
249999390
250004042
249996315
250000421
249999474
250005362
249998234
250007526
249989892
249998560
250010899
250014135
249996935
249998932
250001895
249980373
249998337
250031586
249977283
250005723
250005854
249981421
250003852
249995959
249997828
249999016
250012073
250011135
249982021
249996568
250001059
249998098
249999258
250000091
250003934
249996209
250000575
250002370
249997809
249997736
250001962
249999375
250000515
250001013
249998629
250026008
249984510
249990426
249999705
249998916
250000028
250000374
250022894
249977326
250010854
249988687
250023382
249997035
249987399
249999754
249992473
254867408
245132040
250000287
250000293
250000389
249999508
250000597
249998564
250000577
250011874
249999603
249989573
250011183
249987778
249998579
250000103
249999726
250003026
249999988
249996872
249998909
250003176
250000369
250000213
250002179
249996748
249999308
249999573
249999515
250011408
250012750
249977477
250012391
250019999
249987651
249985938
249998612
249998839
250022577
249986907
250008215
249996759
250039209
249999840
249999744
250000256
250023045
249998583
249979664
254234071
245767142
249997802
249999974
250003482
250022277
249974059
250004438
249999462
250022754
249998068
249982530
249994668
250000144
250022482
249994381
250002077
250003913
249978237
249997638
249999563
250011652
250021431
249976214
250011272
249980301
250001795
250009052
250012208
249992046
250004435
249983189
249997993
250000235
249998911
249999493
250000519
250000434
250003730
249998911
249998977
250000431
249999289
249999630
249999270
250000446
249999363
249998466
250024319
249989611
249988011
250009499
250013938
249997181
249998620
250041182
250001571
249998376
249997722
250024083
249999468
249981110
249998594
249997682
250003702
249999880
249998272
249998315
250000992
249998272
250001888
249998580
250004416
250020391
249975606
250000305
250000930
249999173
250023616
249984825
250013045
249978618
250016169
250006180
249999168
249996082
250003457
249979850
249999271
249999406
250027301
249982579
249998579
249992040
249999801
250000121
250001875
250025603
249995919
249996494
249980623
250001167
249999450
250012505
250016241
249998087
249976607
250021390
249997330
249996985
250001259
250041722
249998373
250003210
249999616
249997618
249999983
250002056
249997237
250001775
249998800
250005211
249997790
250018029
249978932
249999125
250010400
250006765
249991574
250012661
249978995
250002518
249999620
250023596
249985471
250006452
250007379
250003053
249980079
250013021
250041935
250010817
250013705
249996379
249986552
250012326
249980631
250002891
249997757
250023750
249999573
249997234
249988327
249989829
249999682
250010741
250011460
249999782
249998747
249981029
249999139
250025771
250000136
249994517
249986874
249998396
249997844
249996848
249999423
249999626
250008782
250016660
249976647
249999086
250004607
250006829
250001077
250008007
249979551
249999302
250020799
250005331
249994179
249988372
249998711
249995823
249997761
249999495
250000613
250003717
249998832
249997616
249999642
250012172
250009402
249998211
250037865
249999992
249998824
250001088
249999415
249999709
249999925
250002282
249998619
249999313
250001698
250023885
249975965
249998901
250000329
250000422
250020515
250001181
249986379
249992320
249999412
249999618
250001019
250000146
250030902
249969937
249999122
250004900
249995344
249999853
250000084
250003563
249999332
249997303
249999744
249999380
250000620
250004445
249998989
249996709
250002174
249999048
249999672
249999520
249999538
250000269
250004189
249997462
249999052
249999997
250002674
249998352
249998164
249999991
250000557
249999788
250013260
249990039
249997521
250000049
250022956
250001866
249982599
250012356
249980918
249999013
250016047
249993754
250013331
249997276
249980546
249998195
250010893
250014391
249987582
250010828
249996568
249980900
250000626
249997436
250001134
250010715
250001781
249987882
250000379
249999959
249998950
250000278
249998947
250000792
249999537
249999564
250000031
250000224
249998980
250000883
250000413
249999809
250000061
249999872
249999647
250000197
249995166
250004003
249999419
250001308
250000420
249998275
250009817
249994694
249998204
250003165
249996725
249998498
250033355
249965914
250000033
249999945
250016495
250007689
249995878
250000300
249980474
250000192
250010491
249999660
250005221
250003464
249981294
250009123
250000794
250010834
249986609
250011112
249982623
249998387
249999782
250000233
250000440
250003729
249996874
249999331
249999562
250004048
249997075
249999180
250000658
250004070
249996865
250022001
249998117
249984430
250071753
249977813
249996965
250012624
250039433
250024164
249995010
249998434
249980970
250021494
249978121
250000585
250006374
249994541
250001361
249997009
249999770
250000356
249999482
250003852
250000770
250019723
249990596
249988636
249997054
250001268
250001547
250000459
249997318
250022056
249977333
249999988
250004173
249996228
250000170
249999568
250005608
249998386
249999657
250000264
249998897
250022180
249998258
249978309
250002668
249996963
250030968
249978647
250010767
249982428
249997539
250009317
250015236
249997047
249998819
249981096
249998714
249999337
250002856
250008633
250000247
250009338
249979916
250004296
249997004
250023738
249984523
249996523
249997554
249995997
250022648
250001964
250004055
249977653
250001440
249994020
249998225
250001615
249999865
250000742
250022184
249976214
249999010
250004963
249998126
249998647
249997857
250026614
249974931
250003151
249996107
250000172
249999973
249999767
250004461
249995261
249999781
250001247
250000960
250000467
250660345
249339116
249999509
249998070
250000478
249999785
250000515
249999464
250000285
249999041
250000853
249999879
250000254
249999451
250000062
250012664
250011172
249996436
250037308
249999381
250009903
249999771
249997927
249998734
249998217
249998393
249998941
250000326
257302477
242696969
250001781
250000072
249998633
250022367
249999270
249986332
250021105
249973585
249997601
249999050
249999719
250000960
250001273
249998590
249999307
250000797
250003380
249997794
250022193
249998068
249979292
250003997
249998521
249997079
250000015
249999846
249999255
250002802
250001215
249999071
250008515
250005460
249989352
250005748
250010297
249986421
250011914
250041783
249997971
249998860
250002629
250012004
250017453
249965366
250005419
249999755
250023760
249993486
249993749
249996323
249991314
249998940
250022794
250001615
249991684
249992559
249993268
250000265
249998971
250019385
249999840
249985065
250015755
249981155
249999115
250012839
250019295
249975177
250000144
249994305
249997939
250004532
249997969
249999279
250021814
250007946
249969465
250023276
249985975
250009971
249999911
249988972
249991883
250010690
249999049
249993415
250017574
250000160
249979925
250002912
249996295
250032166
249999658
249997422
249991804
249979291
249999891
249999642
250000373
250004563
249998131
249998932
249998363
249999352
250000444
250004042
249997675
249999808
249998739
250000251
250001619
250013153
250004950
249998086
249986757
249998471
250022686
249989600
250005188
249986082
249997714
250004681
250017680
249981629
250012646
250060201
250001738
249994867
249999366
250041296
249999816
249998087
249998771
250011323
250011228
249998422
249982660
249996098
249999830
250000452
250001360
249996748
250001921
250003715
250000650
249996408
250024150
249985135
249996489
249997065
250006393
250013099
249996902
249999979
249999828
249981374
250003871
250009866
250011116
250032854
249961098
249985251
249998272
249996897
250022683
249997184
249986891
249995220
250000604
249998691
249999818
249999701
250011688
249998345
249990318
250000063
250021089
250002418
249996824
250002646
249984334
249993148
250003713
249997867
249997515
250000075
250003082
249993549
250004631
250275066
249726374
249999975
249998282
249999895
249999053
250000596
250000404
250000810
249999054
249999554
250000450
250000005
250011251
250021914
249973524
249999861
249994493
250001273
249997633
249999968
250001334
249999748
249998999
250001035
249999521
250024589
249995586
250009119
249990843
249980307
250002977
249997255
249999720
250001626
249997961
250000122
249999837
249993855
250007186
250000595
249998464
250000015
249999385
249999814
250000357
249999712
249999142
250001231
249999761
249998932
250000405
250000132
250000024
250027792
249984504
249988000
249999453
250003528
250008497
250001509
249994760
249992440
249993963
250035758
249978490
250009288
249986414
249999837
249999293
249996973
249996729
250034216
249989497
249997786
250003479
250000248
249998592
249969784
250041058
249998685
250001313
249999017
250000449
250011273
249993428
249998902
249997871
249998138
250024676
249997469
249982309
249997741
249998213
249999987
250002629
249997849
250000124
249999720
250002121
250000788
250027421
249994526
249983379
249993182
250021669
249987563
249998122
250012856
250040030
250002637
250007998
250011578
249991157
249992394
249996450
249997573
249999724
250004599
249995599
250001879
250002828
249996713
249999509
249999561
250000005
249999586
250000350
250000327
250003087
249999891
249998286
249998476
249999996
250000232
250002983
249998649
250001760
249997683
249999958
250009946
249989491
249999996
249999636
249999982
250000240
250025187
249978513
249997948
250000938
249999565
250009571
250023779
249971378
249997841
249998308
250020951
249988744
250009888
249984751
249996300
249999725
249997884
250023164
249986425
249998301
249993148
249999306
250000868
249999852
249999843
249999099
249999834
249999671
250000010
249999962
250001320
249999010
249999920
250000436
250000195
250000520
249998618
250000832
249999623
250000344
249999972
249998690
250001535
250010026
250011345
249998458
249979598
250000331
250000572
249999445
249999656
250000533
249998646
250007876
249992563
249999255
250000340
250025394
249991976
249977839
250026290
250001465
249994604
250000723
250000547
249980707
249999684
250000621
249998334
250001972
250022668
250008626
249968247
249998828
250004634
249997546
250001513
249998115
249999268
249999635
249999452
250023926
250000268
249983583
250013677
249980960
249998107
250026822
249997914
249995304
250009641
249971564
250005137
250017514
250000325
249995782
250000444
249985381
249997222
249998116
250001041
250020936
250001435
249996481
249982989
258092245
241904592
250002567
250000432
249997505
249999656
250002425
249998135
250020164
250004451
249982949
250013980
249980332
249998216
249999702
250026378
249998480
249995803
249979692
249999372
250004549
249999391
249997332
250001880
249999289
249997967
249999828
249999525
250003558
250008472
250008766
249979969
250000650
250003685
250012325
250003078
250000730
249980252
249999102
249995462
250004489
249999450
250018538
249990550
249992449
249999303
250001462
250023207
249999150
249984789
249992425
249998756
250024872
249996484
249999971
250000323
249987818
249993059
249999174
249996279
250001949
249997956
249999495
250000917
249999381
250000197
250000906
249999080
250000042
250000377
249999855
249999750
250000125
250001932
249998470
249999091
250000871
249999393
250000408
249999913
249999893
250011826
249993135
249996983
249998989
250000288
249999339
249997382
250003378
250004921
249997470
249999071
250001555
249998401
250031096
249967771
250011630
250007350
250000725
249988524
250042312
250000068
250019729
249987441
250011598
249984909
249993885
249999234
250002461
250001867
249999812
249996961
250003640
249998250
250000028
249999399
250000084
250025529
250008584
249965723
250000128
250000809
250001675
250028629
249992393
249977354
249999270
250009307
250013529
249982547
249999661
250013772
249982353
249996999
250000362
249999898
250000175
250020393
249979274
250005171
250023733
250002082
249975340
250041909
250007608
250001313
250017427
249981913
250010006
249979554
250003138
250000721
249996000
250001671
250022631
249976430
249998953
249999107
250024835
249989721
249994392
250015245
249976790
249999800
250000479
250010298
250014122
249985240
249991216
250001534
249997258
250000135
250000595
249999363
250017055
249985547
249997413
250001211
249999447
250019905
250003989
249975911
249999607
250001534
249997985
250002013
249999500
249999257
250000478
249999920
250022672
250002782
249992784
249991243
249991368
250002093
249998460
249998897
250000325
249999563
250867349
249133935
249998770
250000168
250023868
249985910
250010447
249982445
249996714
250003749
250000323
249997807
249998939
249999802
250000937
249999794
249999840
250000055
250003648
249995662
249999936
250003253
249999273
250009289
250009347
249988024
249994044
249998710
249999033
250023155
249986224
249998570
249993417
250010531
250021759
249974245
250012858
250039582
249997354
249999362
250001979
250003570
249998155
249999448
249999040
249998845
250000889
249999121
250000222
250025413
249976990
250017007
249992094
250009052
249986812
250012584
249981191
249999140
250003666
249996626
250001529
249998159
250000150
250003300
249999202
249998230
250009981
249998523
250003095
249989547
249999531
249998585
250023913
250000803
249983441
249993354
249999022
250009825
250001079
250009438
250000156
250000783
249979613
250001214
250001519
249996577
250009120
249990387
250000419
250002349
250000103
249996702
250000920
249999503
249999962
250000031
250000500
250003644
250005482
249990474
249999265
250003784
249999392
249997303
250033935
249987083
249987542
249993048
249999271
250000074
250001589
250025620
249996006
249997776
249980761
249998351
250018975
250007529
249981792
250011460
249981328
249998720
250000279
250023148
250003211
249989288
249992281
249992571
249998922
250008984
250013158
249988788
250010762
249980996
249998775
250002282
250022472
249998105
249984890
250010542
249984765
249998427
249999023
250000565
249997879
250025643
249974919
250000245
250000146
249999302
249999385
250025111
249975385
250024480
249993050
250004966
249999262
250039792
249997233
250000122
250000146
250002859
249999395
249998780
250023906
249999000
249993218
249994153
250039477
250003937
250000453
249997184
250023908
249988108
249989267
249998776
250000133
249998675
250026043
249999293
249977107
249998484
249999357
250000853
249999147
250000054
250000391
250000228
249999670
250000618
249998465
250025970
249995112
249979675
250011639
250001064
249984183
250010619
250039285
250000595
250000122
250025438
249996247
249985512
249994263
250023368
250000265
249980595
249999593
250068832
249978666
249998849
250011373
250041032
249996728
249999271
250013236
250009813
250000198
249977685
250010003
250019646
249990874
250000062
250037580
249999518
249999960
250000455
249999695
250024927
249975316
249999727
250010118
250011251
249997937
250009888
249977291
249994300
249999586
250012336
249997596
249996632
249999681
249998719
249996982
249999830
249999306
249998578
250000711
250023861
249978256
250007659
250008815
249987364
250024350
249990320
249981030
249998596
250000456
249999254
249999916
250000552
250000123
250003235
249999644
249996996
249999788
250000398
250004154
249998227
249999333
249998553
249999483
250000011
250012860
249990716
249998266
250021536
249998141
249999953
250040780
249996884
250005234
249995649
250000944
250014203
249986552
250000607
250010374
250011796
249984095
249998369
249996988
249997311
250010354
250013714
249982229
250009564
249992188
249993401
250000348
250000983
250007650
250013062
249996332
249980706
250016600
250005903
249999633
249997958
250039149
249999700
250002525
249998152
250024015
249985869
249990678
249999326
250000262
250000325
250003439
249997484
250010212
249989157
250002431
250021745
250000933
249982351
250012796
249981761
249998630
249999449
249999698
250010327
249999005
249991360
250023350
250009748
249974328
250008191
250038296
249999463
250009163
250002069
250010538
249985838
249993405
249999310
250000737
250022382
250003692
249999005
249994836
249980437
250023690
249985045
250010921
250001627
249985804
249993505
250009180
250001241
249996380
250007887
250038369
250009863
250015192
250005756
249989125
249986215
249995536
249999873
249998458
250012104
250011645
249992393
249985520
249999261
249999428
250022796
249990244
249998410
250007205
249982184
249999900
250012435
250011181
250005216
249992164
249980774
249998727
250005183
249998276
249998403
249998972
250003169
249998560
249998082
249999833
249999631
250000261
249999892
250000221
249999970
250003625
249999355
249997375
250001919
250000504
249997746
249999768
256126954
243872720
249999802
250024096
249979395
249998194
255227824
244771257
250010111
250008356
249982970
250000083
249998614
249999887
250004906
249996393
250023600
249975834
249998355
250002322
249998567
250026275
249991884
249982866
249999441
250035699
249974897
249997128
250009123
249991240
249992190
250011026
250023559
249985272
249987743
250014404
249977382
249998544
250021895
250004269
249994388
249989769
249990801
249999019
250000007
250015177
250000991
249982130
250020535
249980895
249998851
250000250
250006353
249995852
250001452
249999654
249999033
249998808
249999877
250010507
250006202
249990919
249994088
249998031
250000239
250000115
250003502
249996331
250003066
249997976
250001988
249996792
250000081
249999961
250005044
249998616
249997576
250000836
249999798
250024580
250009949
249966870
249998068
250022436
249992297
249996715
250009393
249980696
249997667
250028477
249984234
250009360
250001667
249998496
249980238
249999170
250026928
249992606
249988520
250011841
249979359
250000085
249999687
250011828
250009806
250003564
249982553
249992557
250023626
250000874
249997285
250001574
250005913
249963972
250001133
250038832
249997757
249989874
250000424
249981522
249996965
250010637
250001584
250011279
249998957
249988043
249990742
250000343
250025174
250006108
249976104
249998661
249994477
249996428
250000553
250030373
249993660
249999518
249986310
249991144
249998887
250000331
249999963
250026980
249997571
252416182
247558083
250000751
250001195
250007150
250013567
250001632
249976582
249998787
250002082
250001944
249999369
250022142
249976333
249999071
250000112
250023848
249999385
249982895
249999180
249996481
249997524
249999947
250023360
249999951
249984829
249994329
250002334
249996518
250000470
249998751
250000109
250000613
249999448
250000699
250005138
250017141
250001758
249995738
249980574
250002542
249998075
250000308
249999286
249999358
250000568
249999915
249999772
249999950
250000137
250001683
249998332
250000173
250000679
249999532
250000422
249998885
250000229
250000359
249999941
249999770
250000036
250000079
250000782
249999620
249999381
249999947
250000652
250000239
250000411
250000357
249999027
249999422
255722750
244278254
249999344
250004093
249999269
249997382
249999439
250000162
250000008
250004656
249998364
249996080
250004626
249999412
249997312
249998355
250001681
249999224
250004104
249998200
249998829
249999165
249999931
250003853
249998085
249998946
249998700
250000098
250003233
250000093
249991240
250005617
249999263
250002828
250000276
249997051
250000203
249999958
249999991
250001580
249998402
250000482
249999372
250000236
249999515
250000833
249999282
250000219
249999213
250000994
249999193
250001026
249999071
250000112
249999798
250000226
250000096
249996282
250015340
249991093
249997103
250001968
249999062
249999093
249999681
250000793
250000743
250001591
250021471
249999809
250005388
249984516
250044591
250019106
250000084
249996983
249993857
250007863
249978294
249999306
250000196
250002630
249998487
249999661
249998737
249999674
249999834
250004477
250000220
249996354
250000513
249998818
250000526
250000248
249999329
250003001
249999097
250000180
249997693
250000120
250005028
249999504
249997380
250002239
249998665
249997863
249999931
249999586
250003466
249997497
249999119
250000106
250004465
249998931
249997837
250003036
249998812
249997608
250000127
249999620
250000113
250000068
249999552
249999875
250001107
250003250
249997918
249999107
249998533
250032595
249969249
250000187
250000951
249998566
250010594
250008032
249985239
249998854
250021267
250005645
249979454
249997030
249996374
249997648
249998833
250000215
250000470
250017398
250009628
249973189
249998904
250012815
250020646
249988124
249987276
249992230
249998120
250022260
250005051
249981246
250013615
249985897
249993097
249998630
250027499
249985156
250019432
249977070
249992087
249995558
250003552
249998666
250000511
249999669
249999780
250000240
250001893
249997539
250001852
250008677
250008057
249982802
250000502
249998611
250010247
250016634
249996278
249977852
253971481
246027934
250002016
249998574
250025475
249998907
249978617
249998393
249997762
250019487
250003299
249985865
250016496
249998001
249985038
250008702
250040655
249999559
250001315
250021840
249987245
249997458
249993538
250008896
250012885
249998738
249991061
250016290
249972466
250002870
250020228
249999449
249984139
250007318
249993246
249994554
249996697
250000384
249999856
249999829
250001185
250000577
250001133
249998189
250000132
249999425
249999549
250020717
249980451
249998852
250003160
249997622
250000299
250021870
249977573
250022762
250003359
250003792
249977772
250042998
249996288
249999699
250021749
249987226
250010870
249983467
249996335
250001992
250000652
249998682
250001842
249998761
249999287
249999591
249999665
250000516
250021839
249988261
249990556
250000371
249999002
250000296
249999181
250003641
249998446
250000789
250000739
250022113
249982737
249998515
250003178
249994325
249998259
249997897
257278216
242721826
250003259
249998386
249999838
249998563
250002612
249998142
249999728
249999770
250004180
249999377
249996528
250000086
250010926
250000096
249991364
250021890
249986752
249995589
250011335
249989649
249995601
249997093
250000175
250000104
250003307
250008947
250011908
249977180
250000075
250000791
250022800
250000457
249993857
249981861
250002375
250008393
250013096
249982172
249999921
250013304
249981175
249998662
250025531
249985451
250010674
249995736
249983197
250001925
249998031
250000451
249999262
250000840
250000192
249999619
249999571
250000719
250010952
250004426
250006162
249978422
249999415
250000295
249999789
249999727
250011560
249987394
250000200
250008257
249991459
249999027
250020979
249993975
249986188
249995916
250004421
249997965
250004439
249999144
249996685
250002783
250000104
250010460
250011978
249980991
250013604
249985345
249997839
249998675
250023221
249993329
250001981
249981239
250000370
249998339
250000276
250000415
250000045
249999393
250000047
250002436
250000475
249998341
249996049
250025192
249978642
250003916
249996435
250022380
249998204
249984818
249997343
250020402
249999667
249982618
250005396
250038784
249999638
249999356
250000635
249999983
250000411
250000362
250001686
249997503
250001863
249998756
250013179
249986880
250001036
249999197
250010454
250009550
249989327
250010896
249990823
250012589
249999234
249990673
250037845
250003177
250000212
249998415
250021894
249999499
249998021
249981927
249995982
250000485
250010587
250000460
250009020
249981157
249999246
250000093
249999629
250023724
249999879
249984501
249993360
249998606
250000051
250000122
250000268
250000257
249999810
249999471
250000428
249999813
250000400
249999679
249999844
250000240
249999568
250010399
249999098
250011913
250002857
249978314
249998200
250000216
249999650
250002097
249997732
250006232
249995742
250000314
249998538
250000051
250000882
249999864
249999190
250000071
250002511
249999929
249996199
250032796
249970116
250000596
249998777
249999576
249999219
250000604
249999610
250003945
249997658
250010836
250011995
249996014
250001115
249979913
249999019
250009964
250001755
249996289
250013805
249978473
249999180
250001955
249999630
249998421
250012955
249999139
249991092
249996923
250000507
249998579
250033051
249978436
249989798
249999541
249998297
250000677
250000375
249999389
250024133
249976490
249999742
250000057
250000304
250022935
249999537
249978676
249998479
250010876
250009959
249997803
250001604
249980933
249999399
250002976
249996697
250000499
250012205
250011707
249977336
249999075
250025458
249983954
250011229
249990131
249990597
250022818
249999690
249996871
250000178
250040963
250022406
249988063
250025348
249995510
249982568
249989846
250020243
250008571
249990300
249983273
250038246
250015844
249996833
249996381
250011941
249984586
249996478
249996862
250002049
250011812
250011762
249982003
249996543
249998605
249997827
249998566
250002178
250011961
249997946
249990407
250024774
249983997
250013926
249991024
249992566
249996528
250007566
249998843
250007719
249997707
250038478
250001978
249999998
250000015
249998163
250023198
249979239
250008293
249999061
249999305
250014428
249999560
249978485
249998645
250003511
249999984
249997646
250021465
250005080
249979544
249996296
249997747
250000398
250002263
250000167
249998223
249998860
250002160
249997624
250030847
249985543
250005464
249980035
249998774
250011301
249992072
249998776
249998951
249999006
249999400
250000283
250003110
249998891
249999059
249998856
249999641
250004274
249997710
249999084
249999584
249999704
250004944
249995301
249999278
250005349
249997219
249999549
249999573
249998763
250005214
249995906
249999916
250010697
250011365
249977950
249999984
250002590
249998124
249999327
249999071
250000132
250005633
249996679
249999129
249999688
249999091
249999193
250000462
250000758
250004068
249998967
249996993
249996558
250006114
249998154
250030767
249990051
249995291
250038920
249997958
250003194
249998253
250000456
249998239
249999340
250004535
249998791
250001031
249997969
250024667
249974778
249999642
250020331
250002449
249986622
250039448
249999684
250021695
250001644
249997938
249985924
249994450
249998278
250011961
250010264
249996487
249991059
250012579
249979273
249999327
249998766
250021384
249991132
250009259
249980073
250021746
249986488
250011512
250001051
249999623
249979148
249999210
250000259
249999893
250000017
250003923
249995290
250000994
250004676
249998184
250021106
250000553
249987252
249992953
249998563
249998885
249998478
249999590
250000222
250003673
249999562
250001255
249997783
249998339
250010796
250012346
249979562
249996559
250003096
249998344
250030575
250002402
249973324
249993462
250002151
250020535
249988082
250007985
249987597
249994321
249998144
250000533
249999242
250023090
249989993
249988049
249998181
250023120
249994877
250003590
249979033
250021056
249979469
249998209
250000805
250000874
249998968
250000075
249995529
250008038
250000211
249996844
250011642
250006899
249997906
249985710
249999328
249999433
249998956
250000191
250002238
250001620
249996335
250010995
250014915
249994251
249989995
249991369
249998492
250002122
250000068
250000408
249997665
249999870
250000115
250001598
249999082
249999193
249999686
250003537
249999275
250000161
249998197
250000913
249998545
250000060
249999543
250000985
249999457
250022380
249985850
250015199
249984725
249991966
250024124
249986383
250012254
250008254
250039689
249999880
250019828
249988768
250008053
249999988
249985264
249996060
250000264
250009365
250010117
249988237
249994683
249998018
250004346
249998552
250021502
249986993
250008533
249981315
250000285
249999208
250003594
249999793
249998234
249999006
249998972
250003788
249996003
250000709
250032786
249989846
249982022
249996619
249998518
250000139
250002364
250000509
249998168
250000897
249998406
249999513
250000086
249999969
250002374
250008398
249991561
249999872
249997744
250001066
249999498
250003390
249996719
250000317
249999498
250023170
250002369
249977933
250019411
250000794
249990636
250006661
250062393
249999324
249997488
249985373
250038034
250005021
249994342
250000768
249999292
250013262
250020279
249968339
249998780
250000172
249999699
250001170
249998075
250002176
249998723
250002893
250021718
250004625
249999192
249972628
249999222
250001152
249998478
250000308
250000401
250000025
249999480
250000121
250000285
250013490
250016918
249991746
249978125
250000005
250022176
249986775
249996941
250012540
250004050
249977822
249999477
250004870
249997626
250001458
249996462
250001915
249997842
250000213
249999971
250020904
250002019
249997438
249980491
249999158
249999681
250011476
250012663
249983714
249993715
250023286
249996949
249989317
250018684
249993241
249978561
250009143
250014983
249995468
249999688
250037492
249999604
250000610
250005819
249994079
250004707
249996870
249999260
249999184
250000172
250001070
250022532
249986327
249992547
250000687
249998896
249999255
250001397
250000657
249998522
249998367
250000852
250000737
250000638
250003402
249999400
249998158
249997045
250003245
249999511
249998270
250000258
250000734
250000673
249998976
250000536
250001871
249998439
249999549
249999453
249997735
250003561
249998748
249999080
250000601
250000152
250000172
249998991
250000236
250000613
250032747
249966837
249999977
249999980
249999885
249999806
249999570
250023483
249977323
249995715
250017112
250010632
250000455
249996490
249980667
249999535
249999786
250000492
249999560
249999208
250000733
250003998
249996418
249999698
250000259
250022038
249985855
249995427
249997351
249999728
250018875
249990831
249998094
249991288
249999583
249999915
250025271
250008294
249974529
250015729
249977110
250024752
249986159
250005606
249979311
250007166
249998054
249997076
250000011
250001513
249998420
250006127
249994014
250003054
249999122
249998276
250009777
250014463
249986304
249994123
249995655
250015911
249996492
250009523
249985120
249994046
249998999
250005031
250016505
250002708
249981697
249999730
249996905
250001642
249996555
250000024
249998721
250013033
249987152
249999593
250004296
249999372
249997623
249999730
250035007
249966160
250000904
249997843
249999910
250000533
250000070
250000797
249998306
250000692
249999201
250024832
249992559
249984502
250009830
250013972
250005460
249977873
250038499
250024306
249992616
249989899
250012870
250009157
249972042
249999764
250010920
250012854
249993739
250000319
250001369
249982124
249998859
250001394
249998849
250003055
249998797
250000630
250000614
249997270
250022540
249999117
249985516
250012506
249982127
249998601
249999064
250001010
250001787
249999503
249998270
250000241
250000019
250000483
249998902
250001608
250000499
250000061
249999453
249998282
250024290
249981784
250015051
249981181
249999016
249998926
250001392
249997865
250001186
250000021
250002528
249997685
250000050
250004190
249998495
249997202
250000529
249999971
249999697
250000073
250003776
249998585
249998710
249999648
250000281
249999339
249999399
250000636
250021563
249979016
250011111
250005769
249992566
250010074
250000573
249979140
249999922
249999786
250011447
250022020
249975604
249991050
249998516
250000316
249999980
250000355
249999378
250000230
249999911
250000199
249999965
249996094
250003183
250018655
249981185
250010676
250032564
249963834
250012720
250038285
249998312
250000829
250003368
250007279
250012247
249978768
249997859
249999940
250023512
249987057
250019132
249971640
249999498
249999076
250024167
249986673
249993766
250014066
249983131
249998948
250000064
250000011
250002386
249998946
249999478
250002926
249997559
249999448
249999700
249999904
249999193
250005621
249996486
249999788
249998787
250018264
249991092
250116316
249876667
250009112
250012079
249997542
249986540
250012489
249982548
249997878
249999908
249999976
250027642
249995799
249976946
250000740
249998017
250000727
250000390
249999321
250001090
250000521
249999188
250000293
249999323
250000495
250024833
249975683
249999146
250025112
249997578
249997501
250001667
249978816
250010093
249999450
249997097
250000962
250038887
250023507
249996260
249987445
249998743
250013789
249983926
249998169
249998207
250000110
249999544
250025489
249984634
249991967
250002545
249999308
249999552
249999526
249998393
249999845
249999574
250004662
249997050
249999493
249999108
250000140
250001357
250018443
249996347
250003391
250038212
249999482
250006303
249997495
249996915
250011114
249988458
250000329
250003165
249997260
249999825
250023300
250003279
249976732
249996552
250000820
249999948
250025460
249997212
249978326
250020468
249988172
250017401
249993911
249998742
249981481
250024215
250006515
249985042
249990656
250041603
250029011
249989966
249985186
250022595
249996860
249974376
249993936
250006408
249998621
250003956
249997730
250021982
249977383
249999859
250003969
249996917
250000732
250027274
249973416
249998175
249999587
249999916
250000443
249999635
250003301
249999873
249999170
249998118
250005168
249998291
249997422
249998968
249999975
250000997
250002773
249998570
249998433
250001202
249997983
250002847
249999257
249998442
249999277
250000370
250008477
249996198
249996212
250000092
249999519
249999975
250000198
250002535
249997694
250000253
249999518
249999450
250004016
249999135
249997856
249998974
250000901
250009673
250001157
249990019
250000619
250024323
249995798
249996996
249987630
249996004
249998437
249997328
250026153
250007137
249981328
250017229
249972577
249999753
250009604
250019661
249988685
250001105
249981529
249998768
250015896
250015218
249975131
250021776
249991084
249980524
249999143
249999781
250002646
249999445
249996068
250000731
250000431
250001561
250000144
249999186
250019955
250003472
249976915
249998597
249999958
249999716
250014712
250010329
249976190
250023371
249989798
250015407
249990880
249988237
249991842
249999673
250000883
250020050
249994476
250013087
250004364
249969763
249998244
250024691
249999224
249983639
250009438
249983330
250000738
250011580
249998725
250009305
249987572
250010857
249980617
249998842
250000795
249999289
250013928
250010897
249976207
249998489
250025199
249998282
249997863
250040150
249998822
250003860
249998619
249998930
249999435
249999898
250000297
250002477
249998514
250001047
250000116
249998222
249999652
249999864
250023793
249999110
249984445
250009778
249984278
249998665
250002758
250000282
249998905
249998842
249999911
250000598
250001746
249997720
249997805
250012786
250011258
249981809
249996904
250000638
250024485
249985614
250008460
249981450
250000514
250001091
249997061
249999718
249999064
250000248
249999698
249999817
250000263
249995884
250013963
249993684
249998299
249999546
249996605
250005782
250021194
249998996
249977179
249999922
250010322
250008695
249999067
250000339
250000696
249981526
249999933
250001297
250000997
249997426
249997315
250001945
249999889
250000394
249999485
250000155
250003096
250008785
249988810
249999800
249999668
250001889
249999917
249998644
250000317
250000502
249999110
249999459
250000605
250012218
249988773
249998088
250000509
250003040
249997125
250000067
250000221
249999663
250000102
250000024
250004167
250008246
250007137
249980912
249999088
250003288
249996543
250000694
249998308
250001971
249999318
250000307
250000148
250001616
249998649
250000706
249997770
250000486
249999588
249999881
249999953
249995518
250003762
250000455
249999325
250003852
249995092
250003147
249998663
249999966
250002225
250001875
249997741
249999220
249997942
250002715
249998960
250000032
250005004
249999507
249995069
250001621
249997895
250002895
249998556
249999541
249999836
249999541
250004549
249998858
249997882
250001415
249998744
249999067
249999825
250000479
250003517
249997679
249999218
249999077
249999784
249995423
250007044
249998362
250002814
249999221
249996892
250001040
250000604
249999981
249999612
250000292
249999646
250003303
249996380
250000957
249999687
250000369
249999848
249999534
250000556
250001025
249997209
250025952
249998704
249998677
249984797
249995114
249998731
249999739
249999807
250000256
249999353
250000435
249998062
250000620
249996715
250026999
249984975
249999740
249994424
249998609
250001650
249998577
250016158
250008218
249974282
250001184
250000217
250001005
249999275
250011583
249987351
249999214
249999510
250025585
249996103
249987023
250005465
249986953
249999300
249995952
250012230
250014373
249996984
249980261
249998488
250003665
249998001
250024577
249994077
249989696
249995539
249999017
249995066
250002091
250000177
249998906
250000731
250000076
250000121
249999131
250000354
250023883
249980035
249998279
249999494
249999375
249999269
249999696
249998679
250001631
249996274
250005612
250010928
250014228
249996155
249978219
250000543
249997522
250001401
249999591
250001352
249999615
250000028
249999021
249998568
250011408
250006689
250004205
249980415
249998880
250000136
252494035
247516859
250021892
249986276
249981383
250009944
250016211
249995117
250008985
249976321
249998217
249996162
250000344
250010821
250010447
249997360
249979908
250006806
249996651
249997293
249999635
249999824
250003005
249997588
249999310
250000260
250023092
249991538
250007555
249979674
249997816
250000334
250024333
249986498
250011842
249996136
249980782
249999272
250000250
249999746
250033035
249989617
249978267
250023521
249987228
249997317
250013324
250041627
250002619
249999190
249997771
249999282
250026661
249976107
250000331
249998454
250030091
249976531
250000850
249992109
250012027
250014504
249994072
250007358
250042503
249999176
250025902
249996438
249999006
249998175
249981971
249998452
249999309
249999869
250000411
250001583
250021609
249977848
249998447
250000729
250000075
249999630
250002821
249998402
249995733
252078425
247952076
249984057
250008774
249980656
250002177
249999143
249999018
250031960
249989993
249992966
249985547
250002961
249998965
249997162
250000109
250000179
249999942
249999929
249999657
250000645
250001798
250031724
249990116
249975776
249998826
250013782
249999452
250005748
250002545
249979805
249998639
250000217
249999333
250000902
250033348
249980813
249990934
249997561
249997946
249999491
250000975
250001987
249998417
249998443
250000901
249999283
250024839
250000084
249977494
249997740
250000071
250000131
250000384
249999204
250000439
250000084
250004808
249995803
250010237
250008929
249987297
249993200
249999170
250000890
250002426
249998633
250000018
249998526
250000222
249999517
250004660
249997251
249999957
249999526
249998692
249999940
250005228
249993565
250001005
250000758
250010756
249992823
249998232
250021381
249988053
250012020
249983719
249993604
249999688
249998833
249999788
250000078
249999874
249999317
250000876
250000238
249999774
250000132
250024786
250011676
249964615
249998449
250000057
250004804
249997523
249997947
250001694
249997447
250001611
250019266
250003577
249996884
249986638
249992519
249999442
250027236
249984149
249997893
250010946
249981786
249998989
249998495
250000850
249999826
250013237
249987349
249999452
250024921
249985429
250010755
249993622
250015119
249971253
249999087
250004566
249996618
249999740
250000483
249998714
250000537
249999891
249999140
250000225
250000230
250002792
250000436
249997643
249996466
250004796
249998802
250000220
249999433
249999998
250000193
250001385
250030697
249979573
250009851
249979141
249999420
250011981
250013811
249995131
249998397
249982060
249998634
249999487
250000517
249999965
249999725
250000289
249999496
249999693
249996284
250003691
249999895
249999809
250000370
250000418
249999624
249999137
250000627
249999748
250000498
249999732
249996214
250002545
250002783
250001390
249998310
249998557
249998736
250001292
250003577
249996600
250032701
249966539
250001576
250019420
249997049
249989817
250011030
249981682
250002432
249999929
249998184
250021028
249989315
249996354
249993568
250021787
250002282
249982630
250013113
249986634
249992796
250009490
250014498
249999270
250005972
250039174
249999389
250000850
250021605
250010044
249975426
249993439
250000172
250011681
250000459
250006118
249999344
249999550
249982191
250021895
250002330
249988158
249993254
249999822
249995170
250002633
249999147
250029835
249991286
249982021
249994240
249999952
250001371
250001781
249999097
249999870
250000834
249999796
249998330
249999580
249999341
249999641
250000752
250004248
249996638
250000106
249999144
250000722
250020351
249997978
249983664
250001209
249996310
250000023
249999726
250000355
250001470
249998162
250001060
249999584
250000133
250024757
249983891
249994234
250019889
250000751
249982570
250015947
249992565
249986760
249998458
250000147
249999678
250000108
250000172
249999613
250025300
249999529
249982535
250012486
250038752
249999549
250001230
249998752
250001348
249999771
250005232
249996421
250021760
249986685
249995612
250001159
250000105
249993726
249998589
250023056
250003315
249981460
250014258
249978957
249999237
250000135
250000915
249999936
249999244
249999804
249999864
250001253
249999941
250028378
249994226
249996867
249981443
249999153
249999228
250000636
249999710
250024546
249975580
249999786
249999828
249996745
250028695
249996701
249990291
249992055
249999286
250020226
249987701
249996804
250012761
249982039
249997629
250000434
249999880
249999460
250023087
249999169
249982676
250007509
250014155
249992860
250000952
250001375
249981723
249998813
249998291
250001548
250001189
249997465
250000191
250000118
249999428
250000536
250013092
250000677
249997549
249989404
249999237
250023066
250002203
249992180
250004935
249978183
250000081
249998725
250033582
249983638
250003239
249988349
249991317
249999354
249999764
249999792
250024437
250002035
249974755
249998888
250027482
249994469
249997940
249998114
249983284
250010096
249989452
250010493
250011617
249998643
250008319
249974279
249999582
250031239
249991749
249980240
250014010
249981504
249999860
249998859
250021158
250010494
249987895
249987926
249993100
250001707
250000728
249998044
250022951
249995853
249980104
249999572
250000113
249999619
250026097
250008770
249985872
249980519
249998747
250009950
250013938
249998487
249998061
249980277
250003886
249995160
250001985
249999880
249998556
250000371
250002224
250000190
250022888
249999568
249995598
249988433
249992178
249999668
249999644
250000040
249999237
250000113
250001627
249998042
250024183
250002540
250004346
249991007
249998437
249980217
249999286
250021921
250003969
249996844
249985118
249992983
249998983
249999573
250000011
250000118
249995969
250039923
249965780
249999172
250000044
250000034
250021774
249989959
249988808
249999398
250004445
249996730
250000762
249998688
250000277
249998607
249999677
250000685
250011184
250011231
249997938
249980439
249998941
250019453
249992317
250010617
249993610
249985487
250002655
250020262
249987550
250008590
249999721
249996197
249983933
250024475
249988560
249997081
249996832
250016215
249976639
249999158
250000111
249999954
249999786
249999933
250000501
250000034
249999787
249994845
250015327
250012365
249996008
249983154
249998329
250026108
249983796
250011123
249984433
249995595
249998829
250000526
251000434
249001310
249998241
250020316
249978447
249999675
250001823
249998608
250000134
249999833
250006567
249997375
250007377
250009659
249988802
250037965
250000408
249999716
249999481
250001287
250022650
249978903
249999149
249998860
250000181
250018591
250002902
249981713
249997518
250001213
249999107
249998186
250001378
250009523
249994063
249997384
250001064
250029075
249979147
249996173
249993965
250003414
250022042
249992708
250002604
249985762
250015876
249979922
249999076
249998272
249999745
249999222
250024993
249977426
249999743
250001000
250021770
249991206
250007040
249986367
249994293
249999250
249997820
250000382
250001106
249998964
249999978
250000273
250003312
249998248
250388159
249612800
249999778
249996443
250001314
250000417
250000754
250002895
249998482
249998292
249999291
249999241
249999995
250012578
249998272
249994917
249997499
249997581
250024225
249998091
249988406
249997536
249993211
249999363
250001764
250009447
250012439
249997613
249978842
249999169
250001027
249999542
249999164
250012555
249990290
249998635
250023833
249981950
250000075
250036985
249998810
250012166
250011182
249996978
250000356
249980037
249999381
250001438
250000668
250015616
250005555
250000352
249978000
249998632
249999684
250001485
250002237
249996213
250000229
249999918
250025237
249985853
250010159
249985502
250012156
249982693
249999801
250024372
249986030
249997480
250012955
249980344
250022108
249991004
250004378
249986769
250000584
249990616
250026612
249996052
250002275
249992115
250038806
250001167
250009563
250012750
249996716
249985363
249998897
249994910
250002872
250002709
249998921
249996232
250026977
249968975
250005820
250000222
249998397
250001192
250032833
249965581
250004641
249996306
250000431
250010064
249998202
250010826
249982175
249999146
249999361
249999176
250000444
250004002
250007473
250013893
249984115
250010025
250039457
250021988
249987429
250012963
249993606
250041431
249999360
250008399
249990215
249998665
250001999
249999991
250001371
249999342
250030302
249994501
249992392
250009438
249975306
249995501
250012618
250019338
249986890
250005014
249978799
249998663
250000046
249999838
250003991
250019243
249976798
250000178
250021677
249984030
250014446
250039269
249999429
250000342
249998377
250009638
249992531
250000132
249998876
249999760
250000822
250011069
249988184
250002131
249998649
250002821
250031720
249988856
249997686
249984712
250018919
249988745
250009019
249992108
250040195
250022832
249986529
250011210
249999588
250000061
249979215
249999025
250024866
249999249
249982977
250013113
249980751
250001285
249998325
250001069
249998731
250002093
250018958
249979650
249999992
249999492
250003454
249997443
250000525
249998790
250000051
250025881
249994929
249997127
250038049
250000104
250024659
249997367
249999019
249986806
250014239
250001618
249997595
249985853
250038156
250000932
249998989
249999386
249999610
250022988
249995870
249985237
250019054
250001175
249998454
249997111
249987733
249993667
250000896
249997395
250003363
249999433
249997246
250015097
249987446
250000973
249997974
249999529
250001842
249997687
250002270
250000868
249998151
249999779
249999491
250021017
250004376
249976496
249999905
249998368
249999611
250001595
250002497
249998105
249998938
249999616
250000311
250001763
249998158
250004571
249998418
249997364
250000295
250021757
250001324
249998566
249980628
250000321
249999408
249997872
249999924
249999915
250000193
250001029
249999211
250026818
249996821
249996473
249999650
249981416
250003021
249998462
250009780
250011930
249994555
249981191
250003265
250030955
249989599
249997269
249985684
250013687
249980704
249998669
250000155
249999172
250004569
250021687
249975006
250001999
250022272
250000396
249997224
250009108
249972219
249998699
249998372
249998710
250000766
249999415
249999419
250000348
250000579
249999264
250011818
250012877
249994135
249981535
249998788
250026886
249985316
250011416
249985449
249999807
249987156
250003188
249999388
250001884
249998780
250033690
249967733
250009574
249998383
249996754
250016127
250007151
249973772
249996831
250002151
249999141
250001922
249999161
250022699
249977805
249998101
250000187
250000423
250000286
250003372
249996394
250003440
249998523
250000229
249997992
249999791
250011520
249990165
249999401
249972052
250027202
250000152
249999861
250000975
249997647
250003016
250000607
250020448
249987926
250008347
249981296
249999274
249999969
250031891
249981877
250006816
249980625
249999132
249998683
250003695
249999633
250030629
249966824
250000382
249999666
250000323
250002958
250022408
249994071
249980809
249999707
249999737
250021765
250003330
249983306
249992700
249999580
249999200
250000393
250001624
250023552
249998833
249977133
249999156
250000334
250000095
250002769
249997747
250000208
249998748
250012600
249998378
249999849
250009847
249987761
249992930
249998781
250001045
249998594
250001025
249999785
250000508
249999225
249999390
250000273
250012565
249996782
249990496
249999810
249999979
250011763
249999587
250019737
249991934
249978348
250023513
250000668
249995040
249989228
250009951
249981091
249998214
250001002
250024901
249997970
249977177
250005806
249992948
249999478
250024993
249985514
250009720
250001143
249979731
250003042
249997818
250000996
249997648
250010325
249990115
250000390
250022271
249984491
250012836
250038149
249997923
249999911
249999990
250001405
250009365
249991255
249996146
249999147
250015077
250007832
250000860
249991928
249990834
249999703
249997074
250003632
250000388
249996627
250000955
249998400
250001918
249999699
249999282
250003761
249997611
249999907
249999423
250000132
249999605
250010502
250009169
249981547
249999393
249999039
249999940
250025097
250000506
249995045
250002736
249995622
250004424
250041188
249998726
249999557
250010252
250013504
249989640
249991701
250020620
250008748
249987233
249985364
250038429
249999327
250003373
250023274
249985218
250009227
249979852
249998862
250000943
250003482
250017569
250002767
249977399
249998468
250001093
249999782
250017872
249986823
249996797
249999101
250007841
249994442
249999829
249999213
249995295
250002331
250002921
250000296
249998527
249998534
250000818
249999544
250000826
249999026
250000702
250024491
249996188
250000700
249980174
249998235
249999685
250000080
250004658
249997290
249999865
249998860
250000816
249997854
250001274
249999581
249999953
250005320
249996935
249998061
249999991
250024327
249998958
249980591
250007863
250012618
249995877
250000800
250039882
250016073
250005048
249984325
250006724
250016681
249970862
250004654
249996651
249999228
249999673
249999902
250011076
249991994
249999165
250009129
250009533
249988322
250013596
249978082
249999892
249999599
250022769
249987305
250020211
249990049
249980073
249998715
250024665
249986573
249997819
250007646
249983706
249998616
250029238
249982609
249997150
249999307
249992400
249994184
250005333
250004695
249994733
250005470
250020087
249976169
250011963
249996091
250011918
249999215
250001182
249979442
249999484
250012347
250011186
249984167
250012986
249985252
249995287
250000766
249999064
250013913
250017169
249982881
249988034
249998453
250023816
249985823
250008994
249986088
249996673
249999176
249998632
250024229
249987606
249995205
250012504
249980020
249999692
250002040
249998880
249998969
250000453
250000344
249998707
250001306
249999739
250005054
249998924
250023436
249973439
249998882
250025114
249998361
249996806
249987925
249993287
249998745
250000215
250000862
250001357
250022715
249999477
249977279
249998801
250023437
249986459
249998206
250012922
249979559
249998539
250010910
250012802
249998559
249999522
249990545
250014437
249993827
249998880
250038775
250012392
249997162
250007903
250002301
250000179
249981060
249997531
250000272
250001238
249999416
249996846
250003476
250002480
249998741
250009629
250011554
249999368
249998213
249979902
250002544
249997705
249999630
250000378
250027092
249984220
249991243
250022596
249998934
249994498
250002098
249990980
249992866
250007367
250012028
250007155
249975745
250014061
249980158
250010590
250013394
249983608
250000073
250038872
250004335
249999130
249996377
249999757
250025081
249976039
250000577
250001231
250025080
249992478
250009486
249989057
249983517
250001630
250028928
249990693
250000326
249992725
249988288
250019010
250001912
249991689
250003199
249988296
249994282
250000818
250019620
250013098
249985047
249984998
250015250
249981719
249999288
250008115
250021304
249976308
250012840
249980970
249998277
250010132
250016834
249992002
250010233
249978839
249993713
250000619
249998262
250024309
250001564
250006779
249968216
249998592
250000527
249999734
250004115
249996380
250000732
249998607
250000506
250001620
250000220
249998961
250000864
249998688
249999762
250011874
250023140
249971590
250013741
249980526
249999887
250011109
250014202
249993774
250010714
249980910
249989765
249998934
250000603
250001991
250021430
249988482
249988436
250007795
249992802
249999898
250022113
250003120
249980706
249996977
255751748
244275962
249979286
250018578
249991016
249981915
249997365
250011612
250022414
249974799
250010707
249980037
250000605
250000421
250000090
250002738
249997851
249999543
249998996
250000667
249998881
250024553
250001607
249993152
249982442
249999155
249999011
249999577
250000025
250000211
249999740
249999992
250000265
250000722
250012096
250015646
249980344
249989420
250002708
249998978
250006192
250023637
249991556
250004602
249975840
250009563
250014772
249988585
250011024
249990699
249984686
250000639
250000205
250001599
250025055
249981237
249990670
250002987
250023126
250005055
249987026
250003164
250000236
249979930
249998625
249999573
250001714
250023228
250006795
249968902
250000067
249999062
250003499
250020677
250001852
250004336
249970798
250021923
250003358
249981754
250021599
249990886
249982282
249997721
250000231
249998997
250029051
249982345
250020076
249969723
250001575
250021479
249999723
249996441
249997261
249987703
249998242
249998067
249998973
250000626
249999090
250000309
250006469
249995667
249998759
249999441
249999396
250000378
250004017
249997782
250023129
249985371
250007372
250002609
249980745
249999060
250000733
249999459
249999579
250000473
250011596
249991541
249997397
249999908
250000344
250003478
249996064
250000103
250000005
250000426
249998878
250000021
250000125
250003479
249998819
249999129
250010321
250019711
249976444
250022039
249973948
249997449
249998470
250018667
250015972
249986480
249979896
250000540
249998987
249999619
250000779
250002793
249999217
249992793
250003913
250002953
249998283
250000348
250011949
249987711
250000998
250021383
249999342
250008375
249992280
249999368
249977549
250000372
249999435
249999448
250012511
250013865
249974214
249999517
250011962
250008980
249987594
249988487
250014802
250023369
249989524
249983534
250040951
250024180
249987895
250008527
249999548
249991983
249991391
249998943
250022275
249998621
249988590
250020812
249988841
249979644
250003225
250019532
250000535
249993801
249988604
249994524
250016291
250006734
249983967
250011937
250040382
249998234
250000681
249999845
249999669
249999436
250003965
249997789
250003870
250020325
249998311
249984062
249993353
250011007
250013316
249982687
250014045
250037201
249999094
250000205
250001687
250014603
250015847
249968238
250000174
250000444
250004031
249999984
249999159
249998085
250000511
249999349
249998581
250003118
249999006
250020822
249977223
250000077
250002897
249998764
249999627
249997980
250002371
250019343
250003714
249997115
249998944
250041194
250001920
249999194
249998852
250025680
250000459
249977102
249996425
250028576
249995595
249998603
250008069
249992471
249977462
249998791
249999721
250026353
249999101
249996838
249978683
249999174
250000311
249999406
250000374
249999629
250027719
249972681
249999338
249996481
250018146
249995759
250007881
249981981
250028722
249981737
250011076
249998048
250000933
249980299
249999500
249999694
250003676
249998371
249999912
249997812
250001178
249999655
250002225
249999619
249998689
250000048
249999475
250000077
250001871
249999471
250000275
249998864
250016235
249983272
250000440
250009684
250000522
249999351
249997177
249994290
249999018
250023461
249999114
249996838
249987365
249995864
249998968
249998057
250000168
249999509
250004475
250021554
249976418
250000824
249997312
250000358
250010971
250012158
249977970
249997290
250012182
250010746
249986510
250011794
249987658
250018809
249997140
249998916
249985245
250040866
249995863
250000496
249998740
250002665
249997990
250004262
250007728
250019960
249975707
250012867
250041523
249995122
250003298
249998578
249999926
249999948
250005690
250026975
249996380
249987048
250002578
250035877
250002402
249998750
250004225
249997298
250021419
249977069
253314212
246685975
250001492
249999293
250000061
250002841
249997952
249999631
249999867
249999928
250003956
249997034
249999547
250000409
249999756
249999988
250025123
250000555
249982462
249992834
249998367
250000182
250000653
250001095
249998698
250000020
250000063
250008287
250015896
249989542
249997791
249988740
250013409
250021086
249986624
249986078
250039431
249998967
250000345
250010448
250004709
249991805
249994863
249994242
250003962
250000589
250000577
249999478
250008393
249991469
250003340
249998740
249998474
250000392
250021643
249978199
250003416
250000145
249997231
249999842
249999130
250000328
249999543
250003888
249996185
250000624
249999605
250003269
249998699
249999302
250001247
249998834
249999348
249999584
250000851
250003301
249997141
249999317
249999207
250016645
250007491
249976624
250024926
250008161
249986777
249979106
250030237
249971370
249999985
250022425
250003718
249994686
249999172
250000180
249977823
250001126
250001380
250000893
249998915
250021523
249977222
249999862
250025818
249985899
249995583
250023121
249970806
250001561
250024636
249996402
249999874
249985430
250011082
249982308
250000978
250021531
249999821
249997381
249985475
249994160
249998904
249998437
250000859
249999936
249999602
250027001
249974156
249998942
249999908
250000676
249998943
250026769
249973873
249999375
250000227
249999942
250012540
249999532
249985440
250002109
249999223
249998952
250000504
250011022
250008448
249982189
249997938
250013576
250010399
249997799
250000101
249979614
249999340
250000958
250027028
249995884
249997635
250007809
249971993
250002735
249996755
250000173
249999293
250001219
249998947
250002369
250000141
249999743
249997822
250001036
249999423
250001320
249998705
249999758
250000313
250001001
249999475
249999208
250000602
249999851
249999762
250024314
249986126
249991505
249998601
250000116
250010758
250013498
249996980
249987352
249991895
250000064
250000231
250023229
249986360
250011131
249981847
249998409
250007158
250014887
249984860
250011903
249987781
249993600
249998565
250000334
249999957
249999181
250000654
250002350
249997613
250001927
250000238
250008817
249997941
249998582
249993050
249999327
250012071
250012319
249983366
250013573
249979074
250025638
249985911
250014674
249980808
250002651
249990606
249998825
249998048
250001772
249999537
249999115
250013121
249989035
249998562
250000367
249999271
250012596
249986450
250000909
249999501
250003396
249997295
249998651
250000999
250022862
249979643
249998193
250000461
250024264
249981434
250016363
249977842
249998869
250022893
250007728
249985166
250006455
249980120
249998035
250000377
250000146
250001187
249999572
249998063
250000855
249999937
250004267
250006837
250009801
249999128
249979811
250004575
249996598
250023523
250000170
249983201
250013469
249980066
250032655
249977653
250009607
249997821
250000284
249983826
249999598
250023848
249997512
249982791
249999878
250013256
249982833
249997764
249999572
249999807
249999898
250001933
249998984
249999776
250001191
250002663
250022212
249994180
249980243
249999211
250001855
250021867
250000895
249986787
249995627
249995379
249999082
249999505
250024559
249997983
249996032
249982195
249998697
250000300
249999772
250000018
250000422
250009422
249990797
249999769
250002113
249998726
249999862
249999170
250000153
249999685
249999500
249996042
250008512
249996702
250000819
249997178
250000756
250000415
249999305
249999770
250026430
249974716
249999375
250021424
249990026
249989007
250005678
249993419
249998742
249999838
250000181
250003372
249998633
249998208
250000793
249999376
249999772
250000983
249999936
250004297
249999833
249996461
250000029
249998622
250001004
250023687
249997387
249979296
249999007
250023112
249986975
250011013
249999565
249984273
249995722
250021560
250001653
249990542
250000668
249987755
249997804
250022224
250009683
249975814
250013257
249986571
249993440
250003496
249997121
250026302
249997588
249988591
249988637
250010149
250012180
249995421
249986806
250039751
249999382
249999743
249999679
249999647
250002526
250022769
250000618
249990281
249990448
250043931
249996907
249999673
250000148
250022501
249999921
249982250
249994009
250010715
250014746
249983132
250011538
249981589
250024395
249997906
250004363
249979391
250039440
250020187
249988860
250018139
249991010
249996503
249984408
250001258
250011955
250000067
249993930
250020624
249986404
249988497
249998108
250000067
249999290
250001596
250000321
250000278
249998310
250000885
249998825
250018228
249991934
249998400
249995434
249997829
249999112
250038099
249970645
249996561
249995499
249999577
249998715
250000020
249999924
250003750
249998021
249999289
249999247
250001430
249999819
250001663
249997596
250001456
249999611
249999747
249998821
249999839
250000084
250000302
250000590
249999980
250002103
249998808
250010458
250000955
249991677
249997937
249998468
250000009
250009108
250013313
249981575
249998664
249997507
250025349
249996082
249985459
249995985
249998533
250008830
250000576
250003893
250014136
249992016
249979564
249998274
250026018
249985273
249998147
250010883
249981301
249998722
250000577
250000678
250024361
249986046
250010428
249978247
250024927
249985519
250014949
249990032
250006778
249979087
249997815
250000743
250012624
249994141
250001068
250006030
249989752
250014010
250007285
250005850
249989967
249995509
249983937
250004194
249996567
250026247
249993266
250010056
249970440
250002989
249996867
249999204
250000338
249999574
250019979
249981166
249999377
249999452
249999574
250000233
250035511
249966340
249998049
249999648
250001241
250036082
249974898
250006783
249982026
249999430
250011847
249986737
250000926
249999661
250000138
250012322
250008253
249993291
250019873
249994332
249971613
250002993
250000068
250009129
250019314
249974268
250015704
249979737
249998123
250000776
250000111
250003608
249998991
249998936
250000240
249997730
250022346
250013726
249988060
249983328
250015596
250001089
249997814
250000284
250038889
249997923
250003107
249996902
250001788
249998347
250001119
250001271
249997821
250025372
250008681
249972928
250014340
249980281
249999926
250000262
250021770
249987127
250011867
249980443
249999219
249997003
250002694
250002476
249996929
250032696
249968186
249999372
250003327
249996470
250023696
249988212
249989188
249999081
250001953
250007670
250014071
249995446
249994153
249988556
249998480
249999406
250007802
250002914
250012085
249977319
249998368
250002303
250002365
250019310
250002879
249982093
249994058
249998112
250002565
258445578
241556227
249997557
250011565
249988288
250000465
249997666
250001477
249999615
250003616
249997150
250001358
249999576
249999351
249997872
250002237
249999245
250000603
249999558
249999735
250000126
249999988
249999069
250001222
249999145
249999828
250001067
250002454
249998133
250000199
249997707
250002143
249999576
249999015
250025784
249974399
249999808
250025538
249998200
249989377
249994852
249992696
249998834
250032235
250002385
249995190
249978801
249999827
249988584
250013828
249987317
250002894
250001077
249998369
249996480
250003685
249999668
249998458
250023323
249990509
250009811
249979606
249997867
250011889
250000173
250020900
249992199
249976617
249999654
249999457
250023022
250000659
249984460
250012228
249980523
249998013
250000227
249999779
249999859
250011514
249989047
250000767
250011709
250019032
249995238
249982646
249990496
250001058
249999892
250023833
249997577
250002874
250003500
249974679
249995809
250036961
249976064
250017266
249988121
249982768
249999858
250000225
250000563
250000245
249999549
249999332
249999941
250000400
249999830
250032709
249976041
250010756
249981866
249998553
250024707
249999006
249997215
250000898
249999279
249980661
250001303
250021073
249998688
249997240
250009826
249975393
250020198
249997791
249985112
250012013
249986393
249996524
249997349
249999980
250000438
249999943
249999617
250000599
249996672
250006743
249997864
250032092
249987482
249997109
249983202
249999432
250021581
249997737
250009457
250035772
250000401
250028687
250003472
249988414
249985579
249996987
249998547
250022782
250000186
249994257
250001305
249981702
249998623
250021344
250004276
249994585
249999457
249986280
249995632
249998218
250001436
249999409
250028786
249990904
249979689
250000565
250022024
249987446
249996778
250001101
250014497
250004219
250001968
249994942
249999830
250044377
249999370
250007875
250011776
249984116
250000870
250010800
249983757
249997744
249995680
250006782
249999621
249998470
250000000
249999759
249999441
250001056
250024120
249983317
249993409
250015516
250005515
249984448
250015540
250036719
249999440
250004576
249996345
249999242
250022570
249979047
250003030
249997624
250023037
250000634
249996752
249984937
249997887
249998823
250021224
249988447
250008342
249997664
249986227
249995948
258290048
241704282
250029785
249986104
249990330
249999028
249999973
250004581
249995877
249999789
249999127
250004002
249998472
249998490
250023193
249985741
250011234
249980592
250003139
250000637
249997840
249998497
250022214
249987012
249992998
249998317
249998648
250000099
250022277
250001181
249978432
249998682
249999187
250024081
250000768
249985647
250010380
249980500
250002984
249998584
249998803
250022263
249999652
249976966
250000191
250003893
249999037
249997934
250020783
249979093
249998558
250019759
250004649
249997180
250008800
249985788
250010169
249998502
249998100
249985743
250037465
249999612
250000419
249999091
249999776
250000686
250025416
249974303
250000397
249999789
249999843
250000176
250002624
249997300
249999493
250001930
249998496
250010401
250013595
249999159
249979651
250007964
250013138
249983385
250001515
250022075
249971652
249999876
250000706
250000544
249997614
250011272
249987781
250000645
250004249
250023716
249981756
249997162
250000884
249992846
249999649
250000137
249999886
250003270
250034591
249963785
249998238
249999959
250011699
250011876
249985061
250012527
249979865
249998798
250013864
250007839
249985685
250013666
249983934
249996823
249999091
250000485
249999836
250002676
249998756
249998422
249999534
250000526
250025725
249988129
249995023
249993040
249997977
250002710
249998588
249998987
250000253
249998829
250000699
249999429
250000648
250027346
249980655
250014969
249977676
249998591
249999724
250000176
249995188
250016225
249989099
250000032
249999865
250000345
250000479
250003347
249999450
249998525
249998809
249999905
249999526
250004519
249999002
249998806
250001892
249998367
250008778
250010655
249988405
249993895
249999469
249998501
250000883
249997794
249999605
249999856
250000018
250000221
250002203
250022978
249994799
250010221
249973198
249997974
249997918
250000382
250000029
250000755
250000111
249999372
249999620
250034230
249991075
250003941
249978446
249993312
249998245
250012086
250000852
250010320
249999472
250009646
249969566
249998766
250000627
249998762
250000264
249999782
250000086
249999156
250021708
250003973
249997976
249993023
249984733
249998673
249995394
250002800
250010283
250000458
250010997
249981163
249998409
249999699
250001334
250021171
249986874
249991235
250022855
250000267
249984599
250011103
250039374
249996066
250002804
249999122
250000306
250027693
249992238
250003394
249995992
250000264
250037825
250003114
249997672
249999837
249999725
250016416
250006602
249978740
249998248
250000133
250018471
249991980
250010123
249984835
249998394
249999260
249997766
250000223
249999372
250023920
249976892
249999861
249998129
250001046
249999308
250001671
249999808
249999925
249999139
250000718
249999841
250023298
249988508
249989481
249998789
249999172
250023366
250000374
249983689
249994054
249999285
249999970
250023721
249987720
250009126
249980406
249998784
250005484
249998259
250009161
250013341
249993636
249981826
249999082
249999659
250000226
250003125
249999989
249999633
249999542
249998792
249998701
249999877
250019920
249990819
249994260
250022606
249984769
250010539
249985643
250012836
249982289
249998106
249998260
249999294
250001148
250000826
249999846
250000179
249999099
250000752
249998118
250000794
249999685
250001174
249998511
250000555
249999643
249999953
250000170
249999912
249999731
250000826
249998843
250000422
249999373
250026874
249973849
249999820
249997084
250022964
249997923
250000093
249981472
249999026
249999975
250032831
249993352
249994290
249999219
249981903
249998668
250002436
249998953
249999928
249998646
250002222
249999846
249998628
250022110
249997373
249988270
249994874
249998376
249999600
250000740
250000349
250023931
249998803
249976373
250001185
250022869
249997763
249997591
250000064
249981141
250001795
249998750
249998337
250020935
250002400
249997297
249980645
250023775
250001450
249983075
249997083
250013798
249981542
249998816
250024699
249985161
250008836
249989119
250010976
249982221
249998453
250004759
249997244
250023155
249986777
249989557
249999602
250000005
250002136
249999472
249998772
249999764
249999402
250010468
250000732
250009415
249987553
250011249
249981685
253865463
246134259
249999453
250010514
250012437
249977365
249999314
250000591
249994976
250006071
250000475
250010064
249986960
250014808
250009288
249998427
250040877
249997306
250014230
250006400
249987373
250010435
249982411
250021584
249998485
249984827
250001314
250038514
250033283
249995418
249989185
249989640
249997129
249994764
250001621
250021779
250007705
249997831
249990710
249987097
249994739
249998282
250031662
249977923
250011247
249998971
250004863
249984951
249996704
250014959
250039849
250000927
249999265
249999268
250000593
250022964
249979472
249998557
250011395
249991166
250017905
249997823
249979922
250000564
249999386
250002930
249999108
250025637
250005331
249969036
249999914
250001538
249998326
249998485
250000347
250002324
250001281
249997227
250022505
249992519
250004485
249987536
249992775
250000753
249999434
249999067
250020001
250014656
249967363
249998537
250021410
250012592
249974632
250011652
250001940
249978285
249999113
250016203
250008136
249992107
249999141
249985798
249998651
249999947
250011850
250008273
250010218
249970308
250000802
249997982
250001926
249997909
250000233
250021994
249978600
249999541
249999917
250000932
249999719
249999673
249999739
250000026
249999895
249999550
249999641
250025529
249985420
249990032
249995996
249990975
250015554
250021424
249994441
249982362
250022957
249985825
249996784
250015660
249989369
249988008
250000945
250026539
249983652
250009039
249986924
250001797
249992798
250001497
249996672
250002726
249999601
249997906
249999543
250001070
250003804
249995611
250000088
250023492
250001866
249974809
249997004
250002603
250012727
250021664
249973786
249992690
250000354
250021066
249989403
250009999
249989090
250017747
249972766
250003396
249996276
250003859
249996414
250033137
249966714
249999861
250000018
249999537
250020963
249982380
249996758
249999950
250002120
250001379
250016799
250004179
249998415
249978003
250003338
250020839
249998194
250008555
249976037
249997781
250027701
249991057
249978478
250021562
250038369
250003296
250007049
250015108
249994047
250001064
249983479
249998784
249999181
249997300
250010571
250009635
249982780
250000545
249999583
249998760
250025853
249998550
249984809
249992184
250015269
250007849
250003426
250002663
249988502
249980597
249999331
250025267
249997939
250000311
250007489
249975361
249996681
249999805
250000909
249998067
249998793
250000532
250003479
249997891
249999743
249998999
250010389
249998878
250011083
249980746
249999905
249997951
250000995
250011833
249999306
249989336
250000363
249999010
250000355
249999854
250001034
250000865
250000830
249999119
249999466
250001203
250021450
250009201
249966953
250011969
250003577
249993019
250013548
249985167
249993273
250002116
250023111
249986164
250003743
249992873
250012069
249981021
249995669
250005117
249999007
249998428
250001771
249998531
250000755
249999957
250001788
250000233
250021678
249986275
249990750
249998392
250001057
249999522
250035075
249975877
249990841
249997233
250002234
250019663
250004124
249982375
249992887
249999485
250022847
249988299
249996627
250001163
250011885
259055399
240923395
249999724
249999819
250012155
250012903
249975776
250024387
249987438
250004812
249991771
250036648
249999726
250000122
250001506
250018020
250007472
249973820
249999690
250000289
250001055
249998663
249999600
250000612
250003341
249997861
250000086
249999165
249999742
250010702
249990329
249999131
250001364
250001411
249998586
250000684
249998755
250002554
249998027
250000946
249998374
250000673
250010840
249988712
250023952
249989281
250007027
249989338
250013666
249971255
250005359
249999638
249999798
250014468
249986549
250013127
249986692
250003516
249996904
250000485
249999118
249999875
250001108
249998744
250000182
249999676
250001065
250002108
249999111
249999238
249998785
250020503
250003166
249984914
250012140
249980906
249998840
250024118
249999033
249984935
250011815
249981333
250009001
250013502
249997301
249999731
250040684
249995022
250011734
250024104
249971526
250017679
249977227
250000018
249997985
249999780
249999994
250025323
249999920
249976342
250009638
250011721
250009266
249988357
249986509
249994757
250000963
249999545
250000161
250023073
249997643
249978338
249999294
250024722
250000727
250003474
249978533
249998926
249996049
250021219
249988553
250008829
249998633
250003363
249980829
249995896
250025791
249993541
249993890
250039205
250000953
249999659
250016937
249984027
249999364
249998703
249999922
250004743
249997238
249997568
250020680
249980030
250000861
250017994
249991032
250011534
249999442
249986684
250004582
249997685
249998706
250020475
250038438
249999940
249999444
250000488
250032555
249989428
249991175
249987675
249999121
250022321
250001433
249997387
249985942
249994076
250000536
250003126
249996781
249998950
250001073
250020923
249982842
249996201
249999452
250000122
249999573
250002051
250001864
249996702
250000400
249999201
250011488
250012809
249976630
249999289
250002465
249997528
249999488
250000136
250008629
249994931
249997092
249999391
250000435
250000208
250004680
249998919
249998800
249994942
250003642
249998718
250000019
250000613
249999837
249999952
250004147
249997819
250022070
250000951
249975764
250001583
250020712
249998665
249984655
250012712
249982501
249999201
249998906
250024111
249985904
249998649
249999595
249993592
250001932
249997649
250021212
250001616
249997929
249981706
250008537
249999982
250008996
249997940
250038169
249998341
250004243
250017671
250000775
249999005
249980788
249997982
250011588
250001145
250010780
249986934
249999377
249993292
249998882
249999867
249999948
250011762
250012699
249978506
249997998
250024624
249998798
249983438
249998445
249996918
249997813
250010769
250000744
250009583
250007952
249988426
249986212
249995579
250000207
249999025
249999919
249999650
249999928
250000742
250000265
250010450
250009682
250000516
249987551
249992374
249997930
250021395
249998162
249989412
250014626
249978663
249999491
249999315
250023431
250008143
249984979
249999843
249987988
250020280
249998760
249983655
250022606
249991677
249979553
249999632
249999895
250002725
249997935
249999001
250000119
250000061
249999219
250003728
249999681
249998038
249999174
250002921
250001047
250028990
249989189
249994166
250005800
249982131
249996251
250000756
249999049
250024252
250007864
249985868
249983512
249999705
249998420
250003229
249998617
249999790
249999824
249998930
250027395
249996886
249999040
249998668
249978806
249999262
249998977
249999818
250000689
250027600
249996466
249976389
249999769
249999561
249999330
250000815
249999911
249999798
250000273
249996561
250001788
249999836
250001152
250003854
249995819
250000200
250002125
250022670
250006407
249988107
249982559
250019203
250012023
249973229
250015286
250042563
249997339
249997933
249998856
250002880
249997656
250002618
249999270
250033744
249987248
249995509
249987770
249997236
249999917
249999056
249999992
249999606
250000397
250001231
250000038
249997918
250027095
249995721
250000625
250007225
249971750
249998363
249999578
250012935
250004588
250006653
249998158
249978898
250000097
249998656
250001624
249998861
250000055
249999148
250000411
249999869
249999454
249996341
250045242
249962761
249994604
250004767
249998148
249997979
249998770
249999739
250010741
249993151
249998271
250026008
249992065
249987613
249996002
249999102
250013937
249999866
250005696
249999941
249986263
249994408
249999002
250022488
249995227
250000028
249991015
249991120
250001496
250000292
249997256
250000456
250018608
249990530
249992357
249997938
249999914
250025622
249984328
250010793
249980592
249999782
250025665
249985266
249996304
250013131
249979424
249999698
250000285
250000596
250000221
249999704
249999105
250000864
250024037
249985469
250009554
250000856
250001757
249978766
249999729
250010459
249999848
250011097
249986872
249998562
249998394
249997334
250008915
250013951
249994986
250000435
249982546
249997527
250000188
249997401
250001015
250004150
249996575
249999948
249999253
249999823
250005120
249996084
250011271
249988058
250000367
249999993
250012484
250012114
249997275
249978309
249999833
249998329
250001484
250000802
250018692
250005344
249973740
250000087
250000055
250000154
250004222
249997123
249999978
249999919
249998337
250025235
249988203
250007402
249999492
249981126
249998978
250026787
249997065
249997948
249986379
249992990
249998644
250018928
249992143
250012528
250000049
249978323
249998882
249999735
250002916
249999681
250011942
250007295
249978596
250002635
249999987
249998352
250023242
249998591
249978076
256589717
243409752
249999567
250002161
250000581
249998527
249999745
249999540
250023521
250016567
249981002
249990388
249989680
250021802
249986557
249998679
250013531
250036792
250004771
249995216
249999025
250000532
249999458
250022763
249999856
249984884
250012953
250037183
249998707
250010704
249999579
250010241
249999743
249985996
249995284
250000029
249998322
250001345
249998671
250024132
249977136
249999040
250012123
250010964
249983258
250001265
250007441
249985995
249998763
250000365
250000472
249999515
249999286
250002886
249998852
249998569
250023329
249985710
250007867
250005940
249979104
250024252
249988205
250007677
250000624
249999786
249979134
249998837
250011634
250012094
249998029
249998670
250005702
249984051
249998744
250011210
250041836
249999502
250001020
250023747
250000107
249982574
249994527
249999264
249998527
249998515
249998936
250000241
250024808
249974790
250002678
249997356
250000263
250021980
249989029
249992805
249998627
249997522
250019600
250004737
249996917
249980096
250009912
250012472
249997955
249998366
250039477
249997098
250007763
249993724
250001865
250019705
249978407
249998477
250004118
250020275
249984686
250010021
250014228
249969323
250000767
249998523
249999434
249998912
250000465
250001988
250003163
250000515
249995429
249999292
250001675
249998876
250000625
249998410
250002034
250000060
250002451
249996944
250000705
249998937
249999752
250003862
249996491
250023998
249976919
249998452
250012294
250012585
249983265
250013910
249998978
249979661
250011100
250021995
249996130
249990553
249989043
249992794
250000334
250028929
249990549
249999676
249987491
250011817
249979957
249999361
250000366
250025098
249986116
250010056
249979757
249999054
250012034
250013820
249982497
250008725
249991140
249993525
249999119
249999309
250002537
250030508
249987854
249979549
249980145
250044622
249996985
249994433
249991792
249993059
249999432
249998886
250000308
250000352
249999662
250024061
249976838
250000118
249998964
249999693
250000278
250024734
249975296
249999355
250000689
250025186
250002407
250001518
249956186
250014737
249970830
250022747
250026068
249990993
249997859
249993510
249998844
249999117
250011705
250015083
249982103
249991856
250001299
250009019
250013417
249998012
249986859
250012201
249979508
249998481
249999783
250000230
250001047
249999397
249999842
249999589
250008502
249992128
250035174
249995784
249992060
249976499
250000561
250008916
250009527
249989251
249990215
250000916
250000075
250000524
249999442
249998344
250004546
250019411
249979629
249996171
250002358
249997975
250000547
250002985
249998780
249999216
250000664
249997931
250015421
250008566
249979196
249998310
249999909
249999374
250027267
249996191
249993825
249984427
249999799
249999383
250000597
249998846
250001790
249998127
250003484
249999202
249998544
249999192
250002005
250023760
249999073
249996584
250001471
249998245
250039806
249999776
249997314
250010407
249997788
250012501
249979843
250004380
249996279
250000976
250008503
250007549
249992267
249992761
249996536
250002176
250029750
249995059
250004797
249968781
249999444
250003118
254425956
245597263
249996902
249998786
249981896
249998087
249998535
250010427
249999675
250012342
249980657
249998158
250021708
249993334
250004344
249986811
250001652
249993952
249997920
250012842
250005097
249988293
250001009
249995421
249997470
250000472
249998064
250036492
249982540
249986116
249996879
250023029
249986677
250010301
250038245
250001081
250000137
250018488
250003495
249997383
250011613
249990769
249997749
249998445
250039904
249999876
250004558
249995465
250023216
249986518
249995043
249998558
249996899
250023836
250003628
249978664
250014185
249981606
250009083
250010417
249988168
249998231
250013149
249982374
249998044
250014164
249994995
250010205
249990706
249990445
249998291
250000200
250010398
250013829
249984117
250012826
249979858
249998710
249999973
250003555
250023658
249999871
249973800
250000084
249999662
249999654
250024170
250000562
249996365
249979246
250007174
250002502
249998409
250012514
250000467
249979403
250009839
250013655
249984310
250016540
249995648
249980369
249999701
249999518
249999981
250010521
250001449
250008694
249980757
249998902
250000817
249999015
250000594
249999246
250000978
249999121
250018579
250005351
249998399
249999283
249999798
249979082
249999018
249999787
249999635
250000130
250025322
249975324
250025733
249985536
249996975
249988663
250038627
250000137
250022914
249985191
249996775
250012717
249982470
249999929
249998248
250022829
250000435
249985413
249994867
249996421
250023884
249986376
250005715
250003817
249999088
249981918
250001732
249998879
250000404
249999628
250012083
249989005
250022813
250009245
249976152
250010414
250037583
250002397
250000629
250001012
250018176
249988043
249990143
250000630
249998975
249999151
250002865
250022847
249986556
249989999
257230003
242768906
250003040
249997749
250000769
250000030
250000135
250011408
249998314
250012321
249985750
249992869
249997926
250001589
250005502
249995967
249997939
250010548
249988704
250003804
250001313
249997050
249998543
250005544
249996167
249998608
249999555
250000647
250024610
250003315
249977915
249994262
250002587
250000044
249998295
249999109
250001091
250000301
249998270
249999779
250012056
250012074
249984808
249993193
250020704
249991684
250003495
250005463
250064727
249996890
249992561
250004394
250039122
250000286
250024654
249997232
249995894
249985649
250017162
249976779
250023658
249992967
249989966
250036705
250001903
249997568
250023645
250001671
249996969
250006870
249972111
250000058
250002281
250020188
250001234
249994714
249978813
250003342
249998946
249999954
249999844
250002203
250000727
250002941
250019647
250003854
249976980
250036920
250008604
250011329
249996163
250001976
249986956
249993697
250012136
250010472
249983705
250013350
250038654
249998720
250000250
249997529
250000669
250033939
249970608
249995160
257452537
242559053
249998587
250020747
249971292
249999282
250026160
249984105
250006016
250002197
249990357
249992029
250009451
250012795
249990826
250004498
250009964
249971889
250000723
250001089
249998159
250000425
250012071
250001329
249986617
249999458
250000924
249998734
250001899
250021557
249979135
250018138
250011355
249976876
250000019
250041006
249997355
250021809
250006271
249981895
250008929
249982015
250000775
249996432
250002107
250022053
250003289
249977798
249996217
250002379
250000523
249998611
249999776
249998345
250004900
250000210
249997104
249999152
250001624
249999513
250004465
250016886
250005111
249994088
249985367
250037626
249992358
250005860
250016622
250003689
250001839
249981339
249997487
249998908
250005900
249996198
250023276
250009982
249966968
250000995
250021684
250007556
249989404
249994420
250009419
250000913
249996611
249987401
250038722
250000399
249998903
250006475
250019416
249985680
250020914
249968595
250001519
249999894
250000307
249998271
250002229
249997448
250001699
249998390
250024717
250000495
249998845
249998529
249978139
249999340
250005767
249998175
249998707
249998838
250000132
250000036
249998548
250001357
249999519
249998792
250003409
249999507
249999691
249999067
250002816
249998290
249999261
249999794
249999992
250001690
249999754
250023660
249999688
249975625
250001405
250000103
249999240
250023289
250007742
249990296
249979788
250010015
250011522
249999495
249984286
250014832
249978410
249998593
249999478
250001278
249999350
250001716
249998277
249999540
250000438
250002890
250010417
249997326
249996634
249993627
249999533
249999470
249999944
250003146
250008748
249988964
249999689
250003050
250007790
250013375
249994468
249988369
249997516
249996912
249999190
249998664
250000531
250025565
249977392
249997854
249999150
250018440
249993434
250010054
249985030
249995817
249999232
250025497
249984001
250006912
249989181
249997054
249997366
250008994
250014017
249995245
249988278
250013411
249994091
250008858
249984123
250012567
250039538
249996690
250022517
249987178
249994305
250010955
249987222
249997968
250528107
249474413
249999860
250007773
250013005
249978606
250002999
249998029
249997147
250002228
249999730
249999989
250000374
249999940
249999090
249999976
249996567
250025732
249980366
249998743
250023982
249996488
249997405
249999233
249982414
249998913
250002375
250008506
250013103
249995331
249981934
250001066
250021833
249998647
249998079
249989118
250020491
249970939
249998965
250002455
249997515
249999345
250025474
249975450
249999648
250000323
250002465
250021377
249997303
249996191
249983440
249998678
250000154
250000303
250001094
250022666
249976763
249996383
250026727
249987993
250009633
250000038
249999180
249980256
249998960
250012349
249987829
250008636
250000059
249993055
249998816
249999723
250025207
249999458
249983879
249993032
249999480
249999893
249999360
249999951
250000429
250012128
249986282
249999752
250012896
249987741
250004272
250013311
249984805
249996593
250011184
249997669
250000119
250010513
249988120
250015881
249986272
250010575
249990544
250035466
249999301
250000189
250002483
249997484
250011835
249989831
250002474
249996254
250033011
249977491
250012916
250006192
249972286
250000223
250002829
249995358
250002246
250020877
249979345
250001546
249996845
250000029
250013622
249999094
250008179
249979583
250029382
249979636
250013442
249997410
250001939
249978410
250002820
250020610
250003121
249996301
250005363
249991970
250007146
249982529
249997063
250015116
250037610
249998722
250000536
249999744
250001273
250008661
249990327
249999761
250001267
250017968
249998647
249991258
250013805
249979204
249998275
249999282
250001232
249998495
250000477
249999193
250002498
250020665
250002170
249981569
250017093
249982852
249995212
249998731
250001812
249997760
250000662
250004972
249998563
249997587
249999407
249999884
250001314
249998373
250023904
249978891
249998952
250000564
249999074
249999488
250025547
249973772
250002402
249997297
250002138
250009094
250021082
249969289
250000470
249998692
250000044
250008495
250016509
249985594
249990127
249999087
250029343
249993320
249998217
250000498
249979921
249997212
250027377
249998365
250002105
249992556
250002663
249982006
250022387
249983634
250011048
250023731
249970065
249988142
249998840
249999191
249999676
250011363
250014424
249975659
249998446
250005257
252582667
247413517
250008913
250001047
249990198
250003010
249992894
250040533
249985673
249997337
249986796
249995666
249995572
250023547
250000451
249999367
249999623
250016809
249995433
249973448
250014808
250036597
249998207
250001610
252739979
247259872
249998765
250010610
249990104
250003214
249997156
250002146
249997094
250000500
249999540
249999714
250001230
249999730
250000042
250025652
249977526
249997627
249998758
249999660
250000178
250003540
250000369
249997929
249997835
250000161
250000075
250000446
250000014
250006178
249998673
250024016
250005726
249999119
249975557
249996530
249996241
250010735
250006176
250004831
250006717
250000063
249971678
249997697
250028967
249997567
249984147
250006727
250004413
249979677
250011143
249996318
250019456
249973429
250010529
249989605
249998993
250025930
249994199
249997885
250005710
249974960
250001400
250002091
249998642
249999073
250004381
249994963
250002588
250023818
249984636
249997934
250020126
250001337
249971507
250009049
249993264
249998919
249998600
249998829
250024476
249975590
250000321
249997924
250001890
250025518
249995830
249979404
249998720
250000012
250000556
250008836
249994395
249991828
250004439
250002159
249997414
250001887
249999338
249998044
250000380
250002146
250000660
249998736
250025690
249994236
249983407
250005085
250013179
249997128
249988112
250035940
250000274
249998666
250000525
250025315
250005728
249972786
249998084
249999755
249999190
250019869
250003677
249997424
249982942
249996440
250009449
250014674
249994721
250001749
249979766
249999043
254394114
245606664
251108138
248891873
250005234
253093904
248000025
248904866
250001080
261107436
239995250
248899456
255091092
244902942
249999835
249996227
250003154
250003993
249999898
249998067
249999497
253095310
246904137
250012715
249990428
249995636
249999673
250000699
250001322
250002720
250002802
249995589
249998891
250000197
250005767
249995364
250001197
249998406
251095314
252012804
246889290
250000190
249999654
250002858
250000620
253095135
246901534
250005717
251091488
248903960
250004533
250001088
249998270
253095463
246900092
250008242
255097353
244898807
249997632
249999453
250000220
257100425
242898068
249995856
250002445
253103024
246898366
250000246
249999714
249999650
249996510
250007671
255100566
244908125
249989454
250000258
250005397
249997179
250008847
249993300
249996761
249998587
251101711
260004869
238907233
250002413
249983886
249997914
250012182
249992335
250270049
253381449
246343633
250000391
250001487
249997989
250000800
250000263
250008485
249996839
250013174
249980554
249997848
250004750
249999005
249998614
249999193
253099361
246907820
249994500
250000999
249999664
255104546
244905618
251087887
255997599
244011350
251989554
246902357
250002267
255100328
244904449
251100536
248900643
249993108
257107241
242895528
249999529
255097574
244898718
251096359
248907890
250012394
249987465
249995041
249999976
249999971
250000432
250000262
249999274
250000579
250000066
250000468
250047513
251072493
248917960
250000331
257075926
242926572
257083207
242918808
249995787
255086343
244913433
251074663
248931908
250007877
249985458
250005880
249996566
249997514
250001324
259110695
240887784
251074573
248924873
250001458
253074212
246927199
257072258
242925336
250000647
249998948
249999415
250000434
253078739
246922496
250006157
249996924
253082404
246914551
250000052
251082464
248917742
251074020
248924713
250000340
250001086
256158319
243837453
271097744
228901997
249999548
249957416
250042166
250004946
250007821
249990625
250005398
250599038
249396351
250000767
249999256
250000080
250009388
250011369
250005489
249974825
249998479
250000430
250023805
249997939
250004226
249974106
249996249
250003931
250005103
249995255
250000292
250024197
249975031
250000104
250001620
250643365
249354753
249999860
249999681
249996258
250000306
250002483
250003225
250002690
249998339
249996798
250000838
250000277
250000772
254114430
245884907
250008297
249990729
250001606
250020419
249976522
250000305
250486629
249516075
249998217
250016189
249986524
249999161
250025689
249974229
249999000
250003978
250005614
249999350
250013292
249978262
250011837
250011608
249995041
250002105
250036001
250022979
249999897
249999218
249989674
249992558
249993190
250003175
250009948
249999189
250025293
249985482
249977091
250001621
250023690
249953976
250030873
250012323
250014199
249966489
249999013
250004776
250007385
250000407
250007727
249983007
249996645
250001287
250019848
250006741
249981269
250000426
261630143
238363344
250001814
249997873
249999636
249997848
257649138
242352209
250000456
250000814
249998574
251634957
248365491
250009725
249988503
250005714
250018408
249989604
250001963
251623861
248357585
250003495
249999554
250006772
249998804
249995683
250002615
249996073
250001897
249997914
249999750
250000384
250010300
255616013
244379072
249997034
249998501
250000693
250003350
255622325
244373590
250000160
253635051
247999357
248364398
255630628
248009690
246365595
250001510
249992424
250000028
250000801
250003250
249996538
249999301
250000475
250000993
250006544
249992970
250002220
249996654
249999612
250001041
250000219
250002777
250001882
253627223
247994707
248378424
249995204
250000173
251627072
248373549
251638781
248363848
249999766
253622736
246374565
249999612
249999371
250000879
249997759
250000309
250002780
250000163
250014709
253623610
246372410
249991006
250015502
257606770
251999595
240374546
249999939
250045223
249998429
249998574
249999938
250000525
250007799
249994356
249998542
250002827
250005391
249991229
250052575
250766632
249229466
249999700
249998502
250007556
252783286
247985759
249238725
249990674
250008719
249992924
250003566
250016260
250003956
249992747
249985961
249992342
250005845
250013309
249981981
249998486
250022941
250006849
249991324
249988095
249991559
250004402
250018903
249996482
250003144
250004421
249972759
250000992
249997523
250000826
250023781
249988096
249988477
249998431
250023955
249989272
250010102
249987516
250010416
249980177
249998429
250023769
250001575
249983614
250012602
249979592
249998803
250012129
249991321
250027209
249989886
249988982
249987256
250003994
249999430
250000955
249999333
250000307
250004892
249998218
249999104
249998031
250001326
250013639
249985227
249999426
250033132
249978984
250009619
249998663
249998226
249983471
250022992
250000734
249996571
249985535
250012000
250008380
249996536
249982916
250013817
250044636
249997695
250000156
249999501
250000884
250023408
249975758
249999336
249999548
250004662
249997361
250001247
250008515
249989343
250022326
249988228
250005886
250003640
249988302
249991480
249998604
250004277
249996607
250002769
249998420
249998950
250000233
249999870
250000604
249999192
249999887
250000030
250002348
249998912
249998722
250000391
249999402
250000845
250004605
249995004
250000805
249999984
249999673
249999124
250001634
250002517
249997110
249999535
249999484
249999998
250000949
250002174
249997916
250032105
249999170
249976297
250000480
250014204
249977734
249999189
250000033
249998523
250001159
250024038
249977856
249999772
249998563
249999817
250000917
249999809
249999415
249999854
250012057
250013739
249983474
250012894
250007843
249971071
249999293
250031671
249987703
250003431
249998495
249979180
249998815
250014739
250003771
249983070
250002996
250000510
249997157
250001290
249996123
250002512
249998847
249999028
249999963
249999125
250002863
249998603
249999104
250000788
250000260
249999542
249999637
250003470
250019577
250003619
250000477
249973071
250003744
249996940
250000297
249999586
250024626
249975121
249999240
250000450
250003082
250022010
249986435
250011945
249979152
249998654
249999617
250003545
250022113
249997598
249977185
250001143
250001995
249997151
250023142
250009197
249986677
249981718
249999656
250001532
249997818
249998447
250001473
249999530
250000478
249999377
249998806
250001255
249999104
250001333
249999227
249999499
250000553
250009175
249995592
250013491
249980746
250001330
250020803
250008646
249989675
250000317
249978418
250000002
250000736
249999710
250003884
250017393
250003968
249976628
250018462
249994101
250007135
250000611
249998265
249981407
249999538
250022287
249988887
249997171
249999726
249992700
249999518
250004005
250027456
249991667
249984026
249999595
249997714
249995248
250003271
250020938
250008165
249975804
249992192
250000750
250000255
249999643
249999484
250000231
250022495
249977367
250000917
250000123
249998607
249999956
250000540
249999202
250000416
249999587
250002868
249997374
250000443
249999290
250000748
249998413
250027087
249981522
250021562
249981486
249989447
249999322
250000295
249999786
249999673
250000187
249999843
250000415
249999066
250012969
249996693
249988217
250024965
249978644
250000145
250003241
249998951
249996818
250001040
249999844
249999979
250000007
250001114
249999018
250003364
250008694
249988919
249998683
250000156
250000550
250000081
249999150
249999798
250000568
250001125
250000220
249999719
249998331
250023342
249976681
250025073
249984109
250022210
250072883
249988737
249982936
250014267
250036424
249999726
250009180
250003138
250009005
249993117
250013521
249971793
250000132
250003156
250000432
250009815
250018540
249969259
249999480
249999143
250000007
250013215
250012476
249984336
249991647
250003955
249995093
249999560
250000292
250011411
249992275
249997455
250000490
250009334
250017988
249994200
249977538
250002678
249998591
250001186
249997030
250011966
249997272
249994138
250000095
249997041
249999735
250001932
250011365
249989142
249998904
249999658
250000120
250017589
250001366
250003183
249977803
250003206
250022439
250005856
249990565
249984865
249993067
250003251
249997613
250002298
249998309
250023085
249994046
249981560
249999016
250024649
249998831
249985211
250011557
249980046
250000543
249999510
250022736
250002873
249994502
249980851
249999244
250000290
250000182
250010999
249998793
249999167
249993506
249997574
250024255
249999949
249996086
249986991
249993860
250028637
249993018
249985222
250012979
250036870
249996966
250010372
250001323
250010069
249986610
249993522
249998704
250000277
250000516
250023372
249987334
250009267
249980039
250024645
250000052
249981986
250000982
250011346
249982103
249999607
249999470
249999718
250000310
250009954
249991224
249999546
250002413
250032098
249984801
250002183
250001014
249978638
250000252
250013145
250000294
250008961
249983973
249993419
249999186
249999326
250020300
250004888
249989841
250005188
249981111
250024609
249998273
249997841
249986263
250009540
249985731
250006818
250001540
250012961
249997832
249997724
249980854
250001629
250000190
249998569
249998705
250023622
250001940
249975379
249999348
250000255
250024435
249999925
249984374
249991078
250000420
250001677
249997936
250000156
250016431
249994269
249991727
249998249
249998879
250002442
250000104
250021608
249977705
249998863
250000319
250025501
249995405
250000843
249986345
249992874
250003052
250020290
249995999
250002151
249999270
249982216
249996048
250000642
249999004
249999886
249999308
250000914
250000433
249999557
250001725
249998001
250000285
250025947
249973617
250000713
250000139
249998808
249999584
250000194
249999998
250000328
249999952
250000121
249999644
250022752
250001906
249976190
250002222
250017396
249985393
250013279
249986675
249994146
250009022
249999218
250009599
250001115
249987595
249992532
250000176
249999660
250003989
249997812
250022939
249998690
249977354
250024690
249985882
250009275
249986371
250014199
249980353
250001137
249998190
250000223
250001362
249998572
250022606
249977831
249999640
250000284
249999273
250000271
250023569
249977036
250009491
249999581
250011463
249990408
250038465
250024716
249984886
249995017
250014092
249999596
249980819
250000060
249998928
250004214
249998430
250021174
249978991
249997371
250001477
250011936
250010922
249997425
249995289
249983965
249999223
250003883
249996697
250003095
250022521
249975001
250011006
249995770
250013036
250038366
250006676
250004282
250009135
250001962
249998488
249979952
250012946
250012911
249983857
250010044
249987673
250013732
249981824
249997471
249999264
250031308
249973898
250005643
249992113
249997991
253369756
246630550
249998785
249999852
249999917
250003114
250001141
249998377
249998384
250016790
249990670
249993028
249997553
250004305
249999165
249997627
250021396
249979118
250014132
250008232
250004111
249995146
250039912
250020675
249994916
250000201
249986686
250015146
249983085
249997667
249997837
250000287
250000867
250002337
249997783
249999362
250000556
250023453
250004838
249991422
249995363
249985398
249999035
250029620
249989278
250011292
249987650
249982293
250000609
250032905
249991243
249996449
249990965
250004966
249983909
250022902
249995266
249988086
250012706
249987876
249993819
250000734
249997948
249999381
250000962
250003093
250030251
249968132
249998203
250000384
250000389
249998848
250004857
250020577
249999797
249996668
249985439
255497766
244539369
250049836
249952843
250001237
250022183
249999337
249977131
249996894
250003126
250000748
250023346
250005900
249969291
249998318
250002225
250002890
250012858
250005785
249995932
249981275
250000660
250000699
249999905
250023772
249985425
249989840
249998513
250021314
250004010
249995387
250001557
250006831
249972211
249999137
250001826
249999644
250001607
249997711
249999869
249999250
250011616
250001933
250007393
249999368
249981667
250002584
249999533
250019839
249996999
249999783
250000051
249980712
250000761
249998156
250000946
249999785
250001041
250000771
249997539
250000193
250000247
250002961
249999083
249998847
250011972
250009524
249985973
249999519
250058731
249994059
250005018
249985502
250037810
250000958
250022740
249987552
250008482
249992012
249996261
249993287
249999081
250031409
249989557
249986123
250015371
249977970
249999439
249999441
250003206
249995545
250027307
249986184
249988845
249999764
250022551
250003994
249994343
249998482
249982564
249997960
249999913
250002134
249999556
250000092
250021221
249977481
249999485
250004799
249995895
250003038
250000216
249998180
249998317
249999617
250023743
249987612
249997032
249993773
249998338
250001505
250000162
249998590
249999783
250010803
249990473
249998986
250031125
249989016
249999511
249999998
249981133
249998905
249999668
250002653
249998818
250023861
249984966
249994132
249998277
249999187
249999118
250011434
250007669
249983168
249998941
250010334
249999350
250004373
249993125
249993692
249998696
249999671
250015431
249993785
249999042
250007732
249984629
249998902
250002713
250021798
250000785
249984644
249991411
250023358
249997031
249999736
249987544
250038341
249998835
249999300
249999939
250012820
250010223
249979380
249999945
250001094
249998282
250026255
250007694
249974181
249992372
250025794
249997576
249985709
250012986
249985122
249992966
249998929
250000193
250000146
250011997
249988306
249999152
250020297
250004321
249983208
250012681
250036911
250003297
250007662
250011958
249988196
250009989
250014914
249989670
249984713
250008704
250038977
250001312
249999053
250000430
249999361
250001155
249998704
250001050
249999319
250001104
249998864
250000470
249995859
250005136
250000345
250023958
249995034
249986496
250014120
249980545
250021733
249988171
249995178
250013333
249987825
249993849
250000079
249998708
249999786
250013170
249997804
250012098
249977955
250011049
250012778
250004281
249992219
250000979
249978623
250003010
249997287
249999518
249999605
256136130
243863633
250000555
250003862
250019543
249986618
250010739
250001592
249977323
250024207
250008775
249975392
250006511
250001143
249986541
250022573
250007007
249989385
250000405
250036097
249997344
249999589
250001512
249999036
250001386
250001476
249998126
250001113
249997905
250024622
250000409
249996696
249983778
250000630
249996073
250012666
250017599
249975950
249995027
250021397
249987499
250012923
249995544
250039235
249997907
250003733
249997706
250021317
249993777
249988415
250000900
249998318
249996305
250005277
250027419
249970399
249997718
250024201
249985114
250012466
249985387
250013221
249980673
250033761
249976592
250009885
249999515
249991813
249989868
250022111
249998978
249990687
249994370
250043695
249997093
249997231
249999563
250004582
249999023
249998162
249998887
250000304
250002813
249999613
249997233
250000561
250000151
250000533
249999425
250022256
250009669
249990079
249982074
249997558
249998944
249998959
250003323
249998545
249999426
249998814
250000966
250002944
249997585
250011010
250008081
250005273
249978831
249998663
249997765
250002885
249999515
249998631
249999261
250000168
250010506
250012800
249996181
250003188
249977308
250001393
249998879
250032127
249980738
250005027
249984300
249998941
250009709
250004591
249990504
250013924
249981871
249997337
249996543
250007863
249997396
250019829
249989800
249990995
249997664
249999648
250023953
249983792
250001275
249993465
249998632
249999200
250000830
250000255
250013393
250020986
249967007
249998676
249999873
249998968
250000035
250005668
249996842
249998545
249999838
250022313
249984533
250012830
249989444
249992386
249998210
250000054
250000269
249999903
250011166
249989580
249998333
250000230
250025650
249986429
249998063
249989774
250027438
249994317
249987166
250048545
249998691
250011607
249999164
250038340
249998257
250001281
250023130
250000183
249984609
249999241
249993334
250002496
250021460
249986163
250007698
249987772
249996786
249997551
250021662
249990683
250007994
249996193
249985335
250022632
249999533
249992473
250038849
249999111
249999138
250013633
250022072
249973467
249993154
250000043
250000790
249997645
250021528
250001722
250009764
249968269
249999513
249999924
249999188
250010163
250013706
249979403
249997409
249999203
250000235
250014896
250017267
249984568
249983457
250000006
250002698
249999676
249998188
250023715
250001423
249985250
250009229
249987325
250059149
250009151
249990528
250005568
250039918
249997879
250000307
250001923
249997378
250002114
249998237
250004436
249996390
249999711
250023716
249996836
249999386
249981884
250002896
250020795
249997470
249984748
250011499
249981076
250003826
249998621
250000717
249998747
250024086
249984754
249989849
250002274
250000113
250009272
250011025
249998540
249978844
250011429
250023229
249989228
249996807
249986936
249995586
249998694
249998728
249998631
249997173
250036699
249990841
249976813
249998324
250000964
250023872
249989985
249993953
249993271
249998964
250011855
250013905
250004881
249989695
249989054
249991420
249998914
250025424
249992650
250001609
250003122
249977757
249999625
249999843
250002589
250021091
249988632
250013954
249995353
250001407
249994780
250040678
249999329
250023529
249997788
249984966
250021625
249972066
249997868
250000158
250010464
250011640
249998597
249987712
249992011
250000041
250000410
249999565
250000546
249999678
249999853
249999863
250000144
250023874
249996760
249987163
250018751
252370501
247604684
249998662
249999999
250000068
250026808
249976132
249997235
250000421
250000173
250000838
250000026
250000783
250002004
249995956
250000094
250000177
250022025
249992915
249986341
249999182
249999080
250000352
249999800
250003589
249997882
250010183
250012121
249984873
250013087
250035235
249999485
250000027
250006436
249993528
250000053
250000286
250002896
250022960
249986219
250012079
249984041
250014034
249981539
250021480
249987619
249995604
250001150
250014680
249977131
250003139
249998660
249998583
249998699
250022451
249990152
250011497
249984297
250012792
250057688
249990203
250012458
249985472
250041106
249998792
250023194
249997486
249983507
249999812
250002305
249992515
250000241
249998586
250022954
249990195
249998113
249992782
249995773
249998158
250012166
250014896
249996732
249980124
249998795
250032941
249982970
249998288
249994735
250011573
249980002
249999623
250010327
250012534
249994945
249988391
249994519
249998983
250001043
249997085
250001481
250019612
250005240
249976610
250000408
249998367
250000147
250000805
250000303
249998921
250000239
250000050
249999410
250024281
249998121
249985472
249993888
249998828
250023754
249989271
250006198
250001613
249980037
249999720
250000626
249999019
249999960
250001745
250000723
249999718
250001897
249997188
250010443
250018268
249991329
249980851
249998343
250001106
249998568
249999828
249999501
250003127
249999838
249998364
250022393
250002598
249981853
250012742
249980708
249999423
249999916
250001561
250012488
249985868
250003752
249995472
250012880
250012121
249983321
250014681
249980028
249999209
249999854
249998571
250012431
250013289
249996525
249979091
249999349
250000222
249999495
249999546
250001403
249998799
250024722
250009486
249982779
250007037
250043570
249997301
249999330
250000091
250001269
252203491
247799469
249995831
249999407
250024960
249998885
249997364
249987040
249996302
249997046
249999240
250000199
249999501
250027692
249972193
250001588
250011750
250003006
250004594
250002309
249977620
250000073
250033786
249978311
250008737
249992603
250014649
249977275
250017812
249986281
250012031
249987025
250013491
249979413
250019915
250002623
249997264
250001405
250036339
250003893
249997977
250000279
250000339
250025185
249973013
250022818
250001274
249999388
250000210
250037173
250022131
250002561
249980458
250013464
249986373
249994777
250011253
250001654
250007830
249997179
249989290
250019572
249996132
249984229
250012017
250037915
249999191
250001466
250000607
249998698
250000586
249999574
249999734
250001348
250010021
249997376
250011411
250001133
249983202
249996247
250003672
249997567
249999944
250022089
249977101
249999518
250000385
250000484
250009886
249996599
249997340
249997661
249998157
250000793
250010424
250013118
249983622
249992951
250010329
250013550
249994028
249987956
250014815
249980859
249997375
250000209
250000930
250023240
250004249
250001510
249970981
249998980
250011911
250013867
249995367
250002076
249977296
249999239
250000208
249999753
249996255
249988195
250038588
249978292
250024455
249998417
249998730
249985072
250001602
249993118
250023596
249986114
250017467
249995157
249996034
249980171
249996949
250002924
249998791
250000879
249999440
250025251
249975851
249999138
250000155
250084852
249916487
249996845
250000306
250000829
249998125
250024879
249983211
250021491
249991053
249982463
250000921
249998868
249998253
249999119
250000005
250004198
249997874
249998845
250000153
249999822
250000676
250000899
249998456
249999741
250022543
250000121
249997619
250000194
249980630
249999119
249999775
250000185
250023669
250001803
249979225
249996759
249999702
255663506
244336403
249998977
250023131
249980060
249998284
249998295
250003739
250000251
250016675
249980887
249998872
250016860
250008272
249997358
249999815
250009081
249970516
250025263
249997157
249984317
250020763
249991701
249980330
250001255
250001581
249997158
250023681
249986395
249989750
249999684
249999861
249999945
249999852
250004106
249998938
249998000
250000671
249999956
249999569
249999498
250001746
253188119
246809739
250000801
249999259
250011035
250010752
249987213
249991762
249999196
250002190
250021095
250003336
249983647
249991329
249998995
249999989
249999662
249999688
250012825
250011796
249975723
249999952
250010676
250015671
249982884
250011745
249979128
249999577
249999769
249999941
249999846
250024120
249976616
249999146
250014404
249993853
250000200
250035004
250002762
249998054
250000688
249999686
250001528
249997792
250000264
249999802
250001812
249998394
250021596
249998530
249982157
250024269
249998395
250003402
249980422
249997252
249994662
250004180
250007272
250014728
249994523
250001535
249980370
249999191
249998641
249999501
250001398
250021644
250001557
249975566
250005781
249996750
250023690
250007264
249975371
249991113
250012007
250012189
249985382
250020370
250047355
250014004
249985240
250013565
250036384
249998797
250001080
250001106
249998323
249999015
250013963
249988676
249998868
249999127
250000300
250024919
249996044
249979742
250004205
249997498
249998343
249998705
250000763
250000997
250005422
250005093
250010085
249986129
250021862
249978034
249995158
249999117
249998116
250019099
250003612
249985445
249993518
249999334
250030992
249978719
250011471
249994687
250005103
249979071
250014962
249995327
250010284
250004123
250003297
249972281
249998780
250000885
250012066
249998603
250011663
249998110
249980532
249999000
250003716
249998295
250021934
249987734
249990858
249998883
249998969
250012111
249997873
249990572
250000705
249999624
249999291
250024257
250001434
249982893
250011853
249980304
249999260
250001221
249998622
250011948
250012755
249975961
249998300
250018516
249985044
250006243
250014404
249999234
249978958
249999386
250002021
249998603
249998935
250015734
249988976
249995418
250000488
250011836
250008815
249999431
249980771
249998114
250000493
250011437
250011882
249986076
250012268
249979039
249998093
250000349
250011937
250014156
249996019
249990950
249990355
250028071
249990549
250038486
249998494
250000314
250023162
250003081
249997556
249976986
249999310
250000231
250010782
250016470
249994101
250003289
249975345
249999452
250012242
250009078
249976759
250022608
249980180
249998956
250002474
249998818
249998924
250023231
249977563
250003533
249995244
250001127
250001447
250009638
250008664
249980231
249999936
250013409
250007955
249984772
250023159
249973090
249998435
249998863
250000810
249997931
250024374
250003953
249975402
249997420
249999876
249999802
250002298
250000797
253959454
246038821
250022968
249987317
250011523
249992864
250005283
249979898
250000188
250001926
250000661
249997186
250003787
249997277
250000013
249998710
249999936
250004966
250023238
249988448
250018226
249985329
250001777
250037672
250019268
250003668
250008636
249989191
250007966
249972202
249999446
258094951
241921581
250006637
250009071
249988584
249980376
250021452
250003403
249984131
250010913
249999586
249980388
250001548
249999185
249998640
249999989
249999968
250002191
249999359
249999948
249998848
249998760
250000608
250000622
250013353
250011309
249997444
250006727
250039835
250025793
249997061
249995921
250007734
250061272
249989799
249996335
249987445
250039321
250001222
249997492
249999897
250000055
249999758
250026555
249974181
250000962
249998879
250024320
249994611
250002507
249979989
249998776
250023691
249998534
249998307
250003179
249977776
249998786
250011974
250009799
250008281
249991386
250008255
249972063
249997898
250000229
249999867
250000964
250001726
250000480
249998324
249998563
249999729
250000470
250004476
249995309
250000242
249999987
250009665
249992822
249999093
249998428
249999199
250001210
250024862
249998858
249997814
249999840
249979069
249999632
249998642
250023786
250012180
249988513
249999615
249977126
249999028
249999727
250013598
250010233
249985195
249990850
249999861
250035643
249990486
249982498
249999767
249967229
250026838
249997968
249999550
250000220
250000679
250004120
249997843
249998676
249998592
250000595
250027531
250000372
249992869
249980636
249999069
249999541
250024402
249995244
250001221
249980826
249998450
249999031
250001849
249999936
250009537
249989725
250008574
249992592
250011009
249995876
249999214
250001323
249992775
249998577
250027620
249982967
250021672
249976652
249992164
249999409
249999453
249999856
250002957
249998516
250023303
249976155
249999594
250003845
249997677
249998968
250027556
249972139
250003018
249997019
249999465
249999893
250010958
250010275
249979956
250969883
249027308
249999821
250002556
250000554
249997930
249999859
249999750
249999462
250000948
250001045
250001086
250000630
249997706
249999192
250000817
250025905
249983512
249993519
250024091
249993561
249985152
250001017
250023991
249969653
250000523
250000070
249998757
250015781
250005976
249986791
249994986
249996548
250024263
249985467
250010932
249990837
249990284
249998111
250018271
249985924
250019507
249985654
249990549
250001166
249999813
250000018
250017975
250008239
249995756
249978485
249999447
250000011
250011135
250008717
250003067
249977895
249999895
249998753
250024071
250002651
249995945
249986691
249991485
249998982
250025674
249987830
250008887
250000502
249978088
249999032
250029785
249996221
249996394
249985715
250014431
249978129
249999606
250011624
250008332
249977312
250023787
249979904
250023989
250008656
249990336
249984997
250014354
249977855
250024399
249985822
250020654
249988528
250036139
250025552
249995859
249985617
249999038
250000172
249997589
249999772
249997337
249999186
250000121
250023832
249986310
249990959
249998097
250001928
250000627
249998386
250025975
249974832
250003749
249998603
251997669
248025391
250004877
249989275
249980821
250024750
249994237
249988562
250020141
249978261
249996371
249998765
250023189
249986584
249997426
250003985
249990831
250022184
249984993
250010485
250001369
250064144
249983684
250004792
250008572
250034924
250001703
249996537
250002489
250000117
250022645
250010710
249967679
249998982
250000900
249996913
250002547
249998387
250003563
249996735
249999575
250000555
250001921
250020894
249979615
250020855
250000192
249993031
249999705
250038579
250001700
249996578
250001028
249999320
250012791
249992829
249997169
249998068
250000368
250001643
249999960
249999210
249999057
249999660
250001634
249998463
250010781
250001491
249989441
250011768
250010123
249995148
250002368
250045549
249995649
249997768
249998589
250002092
250024889
249972856
250025009
249981059
250001463
250038305
250000427
249998261
249999195
250001346
249999017
250008570
249990669
250000145
250000901
250026002
249984794
250006029
249982772
250001905
250000397
249998887
250004754
249997103
250023099
249974093
250001453
249998069
250013537
250009089
250000736
249978734
249998098
250001123
250004165
249998736
249997507
250002983
249997567
249999170
249999575
249999979
250001257
249998089
250000786
250001442
250001367
249997119
250000096
250002191
249999096
249998957
249999815
249999533
250001488
250000076
250021297
249978781
249998740
250000134
250000641
250000425
250024160
249975947
249999079
250000076
250024641
249988773
250004440
249990349
249992720
249999007
250011078
250013298
249989611
250007086
249979985
250000119
249999061
250005090
249995893
250022572
249976817
249999958
250012170
250008441
250003191
250040492
249998199
249996864
250000253
250004841
250032178
249964800
249997992
250001218
250009813
249998648
249998374
250011041
249982237
250000225
250023081
249999107
249985323
250006896
249988758
249998384
249999469
250000936
249999493
250022304
249986870
249989687
249999919
250002487
250007894
250011503
249998751
249980449
249998080
250004854
250007000
250011606
249984321
249994341
249998716
249998375
250016609
250007280
249988474
250009866
249979704
250003299
249999636
249998709
249997470
250023293
249977162
250000023
250009901
250013268
249997126
249987472
249998715
249994613
250003036
249998950
250007818
250015678
249993194
249985640
249996548
249999136
249999545
249999830
250019420
249980442
249999297
250004471
250007636
250012630
249996320
249990336
249992112
250001985
249995874
250000321
250012208
250010228
249981005
250019551
249993844
250003789
249999132
250039703
249999346
250001387
249997132
250021328
249987323
249993820
250022701
249986727
250003635
249999528
250035216
250001520
249998891
250001187
249998874
250008477
249995276
249996506
250002508
249999849
249998032
250001476
249999588
249998637
249999847
250023843
249998805
249985944
250000092
249992973
249999873
249998299
250017884
250005672
249985748
249993583
249997946
250015553
249999513
250017128
249985017
250004089
249980230
250000794
250008839
250011392
250010332
249974162
249993824
250004474
249998311
249997261
249999496
250000179
250014445
250010366
249986158
250011238
249988420
250036382
249999290
250000331
250023629
249999963
250000455
249978321
249998212
249999107
250012391
250012458
249997155
249998735
249980448
250021797
250012439
249973803
250014818
249996304
249981700
250003302
249996184
250000749
250030744
249978222
250012198
249979564
249998153
250000303
250003582
249998192
250023271
249975438
249999866
249999846
249999656
250004244
250020847
249976230
249999169
250000541
249998913
250001026
250023142
250000169
249981154
249998763
250022691
249987085
250006333
249986937
249997702
249995702
250002321
250000534
249998175
250000922
250897822
249102232
249996768
250001679
250000559
249999903
249998696
250001367
249999166
250024293
250001571
249995651
250006617
249992059
249980780
249999601
250000362
249999848
249999688
250000505
249999437
250000135
249999753
250000180
250000614
249999730
249999476
250004613
250019933
249998497
249986804
250031803
249999275
249995202
250006795
249999284
249998062
250000349
249999852
249999357
249999814
250003600
250007553
250012329
249977331
250003396
249999664
249999456
249998060
249999505
250004155
249996951
249998817
250022370
249985558
250012736
249981832
249997261
250000430
250009771
250023632
249998053
249976702
249992666
249999553
250003808
250017421
250002341
250007615
249969536
250002028
249998071
250015019
250008310
249984221
250011342
249981415
250002015
250011091
250009207
249994609
250000858
249983131
250002529
250000161
249996678
250000064
250024493
250007586
249967901
250002021
249997535
250004424
249997701
249999915
249998582
249998905
250000791
250000334
249999440
249999720
250002511
250001743
249995064
250001042
249999449
250002269
250023742
249974882
250023341
249986701
250010260
250000737
249999422
249979545
249999648
250002660
250020140
249987782
250008295
250003228
249979285
250002827
249997840
250023142
249998389
249983609
250017530
250001385
250005276
249977808
250036897
250000150
249998741
250001262
250029416
249995785
249977562
249997945
249999080
249998192
250001097
250024074
249977540
249999767
249999457
250003551
249997299
250023640
249996867
249979784
249999173
250000255
250002245
249999425
249997958
250001473
250000489
249998945
250000044
249999407
250000630
250023129
249977404
249999553
249999233
250000480
250000288
249999165
249999838
250000253
250000742
250010220
249999468
250011793
249978357
250000020
250002603
250000141
250009885
250012217
249983081
249991628
250026564
249999540
249997416
249997218
249993097
249988341
249996892
250025821
249999826
249998519
250001236
249995687
249979900
249998981
250000995
249999140
250000488
249999515
249995626
250004888
250009268
249999345
250009368
250001156
249998576
249982385
250000918
250029270
249995939
249980003
250012346
249981948
250024143
249996154
249998685
249986808
250000446
249993304
249998799
250000665
250001053
250000179
250021893
249988103
249991747
249997786
249999412
250020509
249988415
250011640
249982396
250008959
250005244
250002246
249987327
250037892
250002733
249999543
249997432
250022713
249983821
250006102
250000660
250010360
249997881
249998422
250037556
249997863
250034893
249985105
250001647
249994277
249986856
250007344
250013114
249993326
250005242
249993784
249986833
249999512
249999489
249999870
250013003
249999020
249986442
250024436
250000176
249985338
250000549
250041272
249997381
249999930
250020298
249992093
250008344
250001942
249980611
249999914
249997121
249999620
250001732
250002968
249995803
250002017
249999392
250003028
250020654
250007254
249968239
250001251
249998455
250002342
250022452
249987575
250017635
249970909
249998852
250000283
250000895
250001245
249998633
250002404
249997319
249996327
250004301
249998939
250000847
250019560
249979810
250001949
250021882
249986082
249996981
250009799
249984286
250024852
249998586
249986021
250023539
250040430
249997478
249999514
249999544
250003859
250007358
249989970
249998637
250022757
249989173
250011728
250006906
249971252
249998425
250004342
249996708
250026444
249983249
250012387
249979452
249999672
250010885
250012151
249981677
250015328
249980089
250000318
249999137
250021091
249998086
250001069
249999044
249980244
249999666
249999851
250003842
249997631
250000259
250000195
249998665
250022032
249987823
250012366
249998925
250003600
249986180
249995945
250011785
250039286
250003246
249997214
249999922
249999818
250000418
250004971
249996847
250020292
250009042
249989808
249987039
250008539
249984903
249999826
249998212
250000704
249999502
250000437
250003874
249997323
249999004
249999557
250000744
250000191
250004388
249996636
249999832
250012545
250006075
250002650
249999643
249980914
249997385
250003353
250021220
249990987
250016116
249969198
250001785
249998179
250024304
250000453
249995504
249988092
249991281
250000397
249998688
250000542
250025748
249997177
249977221
249998949
250000458
250023710
249991994
249993670
250022768
249968405
249999107
250000039
250025826
250000124
249983290
249991506
249994952
249998820
250005625
249998142
250024766
249984056
249993659
249999964
250006495
250008992
249990639
250003663
249989796
249999268
250010853
249990475
249999577
250019091
249980104
250003489
249997943
249997848
250024780
249985031
250012422
249980721
249999657
249998142
250025419
249984964
250009212
249981892
249999230
249998112
250025950
250007869
249979933
250008928
249979410
249998513
250000977
249999443
250023915
249995357
249981612
250000379
249999383
250000255
249999671
250010630
249991910
249998725
250025172
249993525
249987362
250036554
250004230
249996513
249999569
250000552
249999574
249999914
250000813
250000434
249999286
249999726
249999654
250003865
249997631
250009666
250013907
249981710
250010331
249997400
249987192
249998858
250022629
249990120
250008066
249986895
250000314
249993062
249997963
250002783
250001707
250009435
250020416
249969004
249998677
250000306
250008955
250014690
249999624
249977978
249998496
250000402
250003949
250020594
250000756
249983402
249991738
250000228
249999164
250033586
249977205
250011309
249980633
249998389
250010904
250011704
249998033
249986999
250013147
250003082
249998284
250002010
249995936
250039789
250002711
249998698
250029433
249979714
250011306
249984653
249997057
249998263
250000013
249999290
249999102
250025340
249977230
249999513
250022023
249987682
250008785
249996965
249986440
249996698
250000101
250024187
250001082
249986778
250007847
249980450
249999797
250000417
250025435
249987632
249999956
249988723
249999677
250024512
249997956
249994456
249987799
250001814
249993584
249999005
250022630
249997125
250000145
250003589
249977537
250001592
250022561
249998944
249996215
249999229
249983503
249997335
250000011
249999754
250000167
250033254
249989721
249979503
250000841
250020549
249999739
249983711
249999007
249996413
249998424
250000075
250025529
250004545
249989435
249995002
249987327
250021534
250007984
249987435
250008523
249977961
249995269
250000308
249997980
250033912
249990239
249998502
249998271
249982878
249997387
250000932
249998315
250024443
250000702
249974692
249998873
250022497
249997059
249986113
250013930
249981881
249998181
249999146
249998021
250001682
250003327
250008860
249989612
249999944
249998962
249999596
250001889
250024674
249975028
249998898
250000290
250000072
250001005
250023659
249998574
249977592
249998622
250000656
249996868
250003379
249999631
250000252
249999996
250000026
250000257
250023407
249986487
250001988
250008230
250000553
249985430
250038949
250001868
249998555
249999418
249999887
250004064
249996832
250000327
249999126
250000157
249999393
250000546
250004475
249996304
249999554
249999135
250001117
249999862
249999906
250004404
250019745
249986050
249997278
250010989
250037366
250000296
250000494
250000820
250000103
249999456
249999786
250000096
249999470
250000188
249999769
250001510
249998887
250000099
249999726
249996281
250012566
250000025
250013419
249979165
250001017
249997434
250024610
249999393
249996255
249981730
249996377
250003094
249998569
249999661
250024014
249999996
249977143
250022997
249999226
249996717
250002239
249985582
249994309
249999847
249998637
249999575
250021739
250009716
249990951
249979745
249998986
250010388
250019366
249978243
250010506
249983160
249998034
250008183
250000901
250007475
249990763
249994815
249996838
250001311
249999700
249999822
249999826
250011038
249990037
249999209
249998258
250004107
250022228
249986900
249990428
249998513
250002027
249999116
249999195
249998726
250021306
249983704
249996563
250000461
250011373
250006261
249990121
249993233
250000715
249998306
249998790
250022509
250003304
249974493
249998965
250000289
250024520
249997335
249999069
249996960
249983056
249998989
249995566
249999208
250005587
250010711
249989705
250001797
249997615
250000266
250001385
250000923
249998179
249999710
250000783
249999676
249999534
250000254
250010097
249991688
250000476
249998063
250024114
249992959
249990999
250012809
249979291
249998924
250000756
250012053
250012021
249984843
249991543
250000364
250000377
249999146
249999749
250011155
249993808
249996960
249997645
250034025
249990127
250008283
249981048
249988390
250023927
250001616
249980879
250007722
250004876
249979239
249999579
250012357
250012085
250000508
249991200
250001313
249982700
249994583
250008934
249997711
249998842
250000577
249999688
249999596
250000036
249999453
250000873
250000026
249999395
250000679
249999909
249999743
250022795
249987379
250012052
249978785
249999022
249999401
250001429
250033968
249987729
249978715
249999195
249999687
250000585
250000105
249998996
250023582
249975653
250030207
249996080
249983737
250011401
250010833
249968725
250025867
249999363
249996466
250001656
250036550
250001729
250002351
249994800
250002195
249996762
250002760
249998142
250025396
249985900
250009367
249985598
249999316
249999458
249999183
249996287
249999481
250022042
250001269
249977203
250001295
250002829
250000709
249999260
250028121
249969968
249998123
250022733
249985438
250013161
250040392
249998482
250000222
250006128
249998399
249995760
250001079
250001095
250003035
249995395
250000098
250021731
250002062
249978461
250009304
250009225
250001974
250000731
249997752
249979463
250001342
249997986
250000064
250001725
250031815
249967948
249998610
249997271
250008703
249994553
250022022
249989002
249989804
250007652
250005827
249998798
250018149
249990061
257632502
242346360
250001484
250000908
249999143
250012932
250019186
249967188
250000939
249998138
250025123
249996403
249998797
249980609
250001268
249998058
249999825
250002586
250021815
249976252
249998926
250000847
250003463
249992145
250003319
250000800
250000485
250000884
250000989
250008652
250014875
249997086
249977996
249999095
250000274
250001634
250026143
249984439
250009981
249978626
250009143
250002373
250007088
250004871
249996253
249981046
250002343
249999671
249996631
250000723
249999829
250000535
250002127
249997026
250025802
249997644
249996063
249988611
249994079
249997764
250001598
249999184
249999150
249999542
250000318
250001390
250000827
249998807
249998673
250016297
249995097
249992005
249998557
250000926
249997295
249998042
250022693
249977725
250001092
250004990
249995758
250000630
250001922
250009677
249988034
250000112
249999702
249999644
250000729
249999410
250000938
250000279
249998774
250000185
250001442
249998504
250023595
249976769
249999061
250012459
250016433
249982450
250009836
249990888
250012018
249984374
250013352
250041130
249999510
250022191
249987934
250008278
249989131
250012121
249980126
249998906
249999579
250000091
250034327
249990089
249976963
249998451
250000730
250012656
250004575
250003761
249987548
249992339
250019103
249998547
249990699
249999801
250010845
250004489
249986627
249998378
249999207
250038532
250023506
249996832
249983478
250008729
250070075
249976352
249999904
249999619
250035854
250000744
249997903
250000457
250000655
250023592
249987293
249989860
249998731
250001570
250000503
250001123
250022733
249975067
250014194
249987225
250005043
250038118
250000619
250000441
249999094
250000448
250011845
249991217
249997134
249999334
250000289
250003399
249997708
250000315
249998440
249999580
250003840
249999359
249997634
250019945
249980691
249999596
249999710
250003309
249998861
249998387
250000304
249998700
250000452
250005000
249997286
249999765
250019293
249978711
250001001
250002251
249997775
250023957
249999736
249976449
249998593
250000329
250002772
250016883
249992524
250009714
249979003
249999903
250001152
250022993
249986072
250008650
249982653
249997499
250000285
250032775
249990055
249999411
249978583
250000290
250022183
250010600
249988372
249998220
249988256
249992745
249999061
250000065
249999800
249999956
250000489
250000246
250008331
249991188
249999972
249999242
250000323
250003307
249998495
249998595
250000357
250010458
250010553
250001119
249979879
249997590
250000497
249999607
249999613
250023029
249977073
249999385
250000785
249999338
249999154
250002459
250012297
250021767
249991787
249995892
250009925
250034996
249999243
250003669
249999549
249998789
250023488
249996592
249992320
250009767
249996605
250001244
250038544
249998767
249999578
249999191
250010910
250011663
249984555
249994577
250011920
250011533
249995605
249999015
249988727
249994026
249997755
250000220
249999808
250000548
250022207
249980452
249998423
249999657
250000669
250009257
250008584
250001924
249979905
250009092
250008126
250004070
249985551
250013569
249979794
250010737
250013103
249995995
249995227
250036883
250000763
249999328
250005822
250007022
250011380
249975841
250003756
249997469
249998083
250000448
250032386
249967235
249999389
250000407
250001494
250000117
250023275
249991210
249985186
249999730
249999500
250029526
249995040
249983297
249993038
249998971
249999898
250000394
249999557
250001095
250010932
249989054
249999671
250025918
249995386
249986706
250010488
249983264
249998147
249999726
250009960
250010978
249986032
250004085
249993360
249997726
250009526
250009518
249999664
249987706
249993766
250014927
250006771
249997660
250011837
249974933
249993310
249999548
249999533
250003507
250021518
249998190
249996199
249980762
250032321
249979234
250008820
249998915
250002446
249979847
249998462
249999720
250000257
250004932
249995449
250014259
249987792
250000717
250022559
249991843
250001737
249989116
249995398
249998682
249998823
250001221
250002044
249996945
250025282
249973448
250000316
250004035
249995420
250000764
250001736
249998884
249999800
249997581
250003623
250031630
249990605
249976443
249999484
250003552
249997808
250000520
249999344
250023386
249975599
250000881
250002798
249999350
249997184
250000121
249999646
250003417
249996295
250000702
250000027
250012299
250021477
249965482
249998784
250027969
249999719
249995872
249993977
249984684
249997054
249999852
249999986
250000166
250011479
249992023
250000402
249997112
250023113
249999886
249998772
249998695
249981557
249997769
250024120
249986459
250010088
250000615
249980311
249999216
250000510
250024902
249998894
249983328
250014487
250061830
